,prompts,GPT_Response_1
0,"Read the following example(s) and answer the question at the end:

Claim: Post-pandemic stress disorder is caused by COVID-19 vaccines.
Abstract: Thrombotic events that frequently occur in COVID-19 are predominantly venous thromboemboli (VTE) and are associated with increasing disease severity and worse clinical outcomes. Distinctive microvascular abnormalities in COVID-19 include endothelial inflammation, disruption of intercellular junctions and microthrombi formation. A distinct COVID-19-associated coagulopathy along with increased cytokines and activation of platelets, endothelium and complement occur in COVID-19, which is more frequent with worsening disease severity. This proinflammatory milieu may result in immunothrombosis, a host defence mechanism that can become dysregulated, leading to excess formation of immunologically mediated thrombi which predominantly affect the microvasculature. The haemostatic and immune systems are intricately linked, and multifactorial processes are likely to contribute to VTE and immunothrombosis in COVID-19. This state-of-the-art review will explore the pathobiological mechanisms of immunothrombosis and VTE in COVID-19 focusing on: COVID-19-associated coagulopathy, pathology, endothelial dysfunction and haemostasis, the immune system and thrombosis, genetic associations and additional thrombotic mechanisms. An understanding of the complex interplay between these processes is necessary for developing and assessing how new treatments affect VTE and immunothrombosis in COVID-19.
Question: Does the abstract of the scientific paper support the claim?

Answer: Step 1: Read the whole abstract and extract information relevant to the question. The abstract discusses the thrombotic events that frequently occur in COVID-19, including venous thromboemboli (VTE) and distinctive microvascular abnormalities. It highlights the distinct COVID-19-associated coagulopathy along with increased cytokines and activation of platelets, endothelium, and complement which are more frequent with worsening disease severity. The text also emphasizes the intricate link between the haemostatic and immune systems and explores the pathobiological mechanisms of immunothrombosis and VTE in COVID-19, focusing on COVID-19-associated coagulopathy, pathology, endothelial dysfunction, and haemostasis, the immune system and thrombosis, genetic associations, and additional thrombotic mechanisms.
Step 2: Identify the relevant statement: “The haemostatic and immune systems are intricately linked, and multifactorial processes are likely to contribute to VTE and immunothrombosis in COVID-19.""
Step 3: Give reasoning to rationalize your decision: The statement underscores the multifaced nature of thrombotic complications in COVID-19, involving interactions between the immune response and hemostatic processes. 
Step 4: Conclusion: The abstract refutes the claim in the scientific news. The rationale in this sentence is: “The haemostatic and immune systems are intricately linked, and multifactorial processes are likely to contribute to VTE and immunothrombosis in COVID-19.""

Claim: 3D-printed Sarco capsules for assisted suicides, which can be activated from the inside by the person intending to die, have been approved under Swiss law.
Abstract: Assisting suicide is legal in Switzerland if it is offered without selfish motive to a person with decision-making capacity. Although the 'Swiss model' for suicide assistance has been extensively described in the literature, the formally and informally protected liberties and claims of assistors and recipients of suicide assistance in Switzerland are incompletely captured in the literature. In this article, we describe the package of rights involved in the 'Swiss model' using the framework of Hohfeldian rights as modified by Wenar. After outlining this framework, we dissect the rights involved in suicide assistance in Switzerland, and compare it with the situation in England and Germany. Based on this approach, we conclude that in Switzerland, claim rights exist for those requesting suicide assistance, and for those who are considering providing such assistance, even though no entitlements exist toward suicide assistance. We then describe the implementation of the 'Swiss model' and difficulties arising within it. Clarifying these issues is important to understand the Swiss situation, to evaluate what features of it may or may not be worth correcting or emulating, and to understand how it can impact requests for suicide assistance in other countries due to 'suicide tourism'. It is also important to understand exactly what sets Switzerland apart from other countries with different legislations regarding suicide assistance.
Question: Does the abstract of the scientific paper support the claim?

Answer: Step 1: Read the whole abstract and extract information relevant to the question. The abstract discusses the legality of assisted suicide in Switzerland, highlighting that it is legal if offered without a selfish motive to a person with decision-making capacity. The article describes the package of rights involved in the 'Swiss model' using a specific framework, and compares the situation in Switzerland with that in England and Germany. It concludes that in Switzerland, claim rights exist for those requesting suicide assistance and for those considering providing such assistance. The text also emphasizes the importance of clarifying these issues to understand the Swiss situation, evaluate its features, and comprehend how it can impact requests for suicide assistance in other countries due to 'suicide tourism'.
Step 2: Identify the relevant statement: “In Switzerland, claim rights exist for those requesting suicide assistance, and for those who are considering providing such assistance, even though no entitlements exist toward suicide assistance.""
Step 3: Give reasoning to rationalize your decision: The statement underscores that while individuals have the right to request and consider suicide assistance, the actual provision of such assistance is not guaranteed and is subject to specific conditions and legal frameworks in Switzerland.
Step 4: Conclusion: The abstract refutes the claim in the scientific news. The rationale in this sentence is: “In Switzerland, claim rights exist for those requesting suicide assistance, and for those who are considering providing such assistance, even though no entitlements exist toward suicide assistance.""

Claim: Evidence shows that U.S. schoolchildren are self-identifying as animals and disrupting classrooms
Abstract: The term furry describes a diverse community of fans, artists, writers, gamers, and role players. Most furries create for themselves an anthropomorphized animal character (fursona) with whom they identify and can function as an avatar within the community. Some furries wear elaborate costumes (called fursuits) or paraphernalia such as animal ears or tails, or represent themselves as anthropomorphic animals in online communities such as Second Life. Furry fandom is an inclusive term that describes the community of furries that span online, local, and international settings. The furry fandom is global, with hundreds of local groups existing worldwide and dozens of conventions held annually. A small subset of furries (~10%), called therians, believe they are spiritually connected to animals, are less than (or more than) 100% human, are an animal trapped in a human body, or were an animal in a former life. Otherkin, like therians, feel spiritually connected to non-human species, but the species extend to mystical species, e.g., dragons, griffons, and minotaurs. More than 75% of furries are under the age of 25. Approximately 84% of furries identify as male, 13% female, and 2.5% are transgender. Furries are predominantly (83.2%) white. Approximately one-third identify as exclusively heterosexual; furries are about five times more likely to identify as exclusively homosexual than the general population. Nearly 60% of the furry fandom reports part-time or full-time enrollment in post-secondary education.
Question: Does the abstract of the scientific paper support the claim?

Answer: Step 1: Read the whole abstract and extract information relevant to the question. The furry community is diverse, including fans, artists, writers, gamers, and role players. Most furries create anthropomorphized animal characters called fursonas. Some wear elaborate costumes or paraphernalia and engage with online communities like Second Life. The community is global, with local groups and annual conventions. A subset of furries called therians and otherkin feel spiritually connected to animals, and the majority of furries are under 25 years old. The community is predominantly male and white, with a significant portion enrolled in post-secondary education.
Step 2: Identify the relevant statement: A small subset of furries (~10%), called therians, believe they are spiritually connected to animals, are less than (or more than) 100% human, are an animal trapped in a human body, or were an animal in a former life.
Step 3: Give reasoning to rationalize your decision: A subset of individuals within the furry community who identify as therians and feel spiritually connected to animals, but it does not specifically address U.S. schoolchildren or their behavior in classrooms.
Step 4: Conclusion: The abstract refutes the claim in the scientific news. The rationale is this sentence: “A small subset of furries (~10%), called therians, believe they are spiritually connected to animals, are less than (or more than) 100% human, are an animal trapped in a human body, or were an animal in a former life.”

Claim: COVID-19 test swabs touch the brain or bruise the amygdala to make people submissive
Abstract: Based on a study of mummies, skeletons, burial rites, medical instruments, medicaments, literature and objets d'art from Ancient Egypt before the Hellenistic Period, the understanding of the eye, its diseases and their treatment at that time is described. Magic spells, religious rites and medical treatments, especially with eye ointments, were probably used often complementary to one another. We must be very cautious about our conclusions in regard to the effectiveness of the treatments. Eye diseases have been depicted only exceptionally in Egyptian art, except for blindness and 'symbolic blindness'.
Question: Does the abstract of the scientific paper support the claim?

Answer: Step 1: Read the whole abstract and extract information relevant to the question. The abstract discusses the understanding of the eye, its diseases, and its treatment in Ancient Egypt before the Hellenistic Period. It mentions the study of mummies, burial rites, medical instruments, medicaments, literature, and objets d'art as sources of information. Magic spells, religious rites, and medical treatments, including eye ointments, were likely used in combination. The text also emphasizes the need for caution when drawing conclusions about the effectiveness of the treatments. Additionally, it notes that eye diseases were rarely depicted in Egyptian art, except for blindness and symbolic blindness.
Step 2: Identify the relevant statement: “Magic spells, religious rites and medical treatments, especially with eye ointments, were probably used often complementary to one another.""
Step 3: Give reasoning to rationalize your decision: This holistic approach involving magic, religious rites, and medical treatments contrasts with any claim that ancient Egyptian eye treatments were solely based on empirical medical practices or modern scientific principles. 
Step 4: Conclusion: The abstract refutes the claim in the scientific news. The rationale in this sentence is: “Magic spells, religious rites, and medical treatments, especially with eye ointments, were probably used often complementary to one another.""

Read the claim and abstract and answer the question by mimicking the process previously outlined.

Claim: Sneaker color shows what side of the brain is dominant.
Abstract: The dress' is a peculiar photograph: by themselves the dress' pixels are brown and blue, colors associated with natural illuminants [1], but popular accounts (#TheDress) suggest the dress appears either white/gold or blue/black [2]. Could the purported categorical perception arise because the original social-media question was an alternative-forced-choice? In a free-response survey (N = 1401), we found that most people, including those na√Øve to the image, reported white/gold or blue/black, but some said blue/brown. Reports of white/gold over blue/black were higher among older people and women. On re-test, some subjects reported a switch in perception, showing the image can be multistable. In a language-independent measure of perception, we asked subjects to identify the dress' colors from a complete color gamut. The results showed three peaks corresponding to the main descriptive categories, providing additional evidence that the brain resolves the image into one of three stable percepts. We hypothesize that these reflect different internal priors: some people favor a cool illuminant (blue sky), discount shorter wavelengths, and perceive white/gold; others favor a warm illuminant (incandescent light), discount longer wavelengths, and see blue/black. The remaining subjects may assume a neutral illuminant, and see blue/brown. We show that by introducing overt cues to the illumination, we can flip the dress color.
Question: Does the abstract of the scientific paper support the claim?

","Answer: Step 1: Read the whole abstract and extract information relevant to the question. The abstract discusses a photograph known as 'The Dress', which appears either white/gold or blue/black to different people. The study found that most people reported seeing one of these two color combinations, but some reported seeing blue/brown. The perception of the dress's color was found to be influenced by factors such as age and gender, and could change upon re-test, indicating that the image is multistable. The study hypothesizes that these differences in perception reflect different internal priors related to the assumed illuminant. The study also found that introducing overt cues to the illumination could change the perceived color of the dress.
Step 2: Identify the relevant statement: “The results showed three peaks corresponding to the main descriptive categories, providing additional evidence that the brain resolves the image into one of three stable percepts.""
Step 3: Give reasoning to rationalize your decision: The statement indicates that the brain resolves the image into one of three stable percepts, suggesting that perception of color can be influenced by various factors and can vary between individuals. However, it does not provide any evidence to support the claim that sneaker color shows what side of the brain is dominant.
Step 4: Conclusion: The abstract refutes the claim in the scientific news. The rationale in this sentence is: “The results showed three peaks corresponding to the main descriptive categories, providing additional evidence that the brain resolves the image into one of three stable percepts."""
1,"Read the following example(s) and answer the question at the end:

Claim: Post-pandemic stress disorder is caused by COVID-19 vaccines.
Abstract: Thrombotic events that frequently occur in COVID-19 are predominantly venous thromboemboli (VTE) and are associated with increasing disease severity and worse clinical outcomes. Distinctive microvascular abnormalities in COVID-19 include endothelial inflammation, disruption of intercellular junctions and microthrombi formation. A distinct COVID-19-associated coagulopathy along with increased cytokines and activation of platelets, endothelium and complement occur in COVID-19, which is more frequent with worsening disease severity. This proinflammatory milieu may result in immunothrombosis, a host defence mechanism that can become dysregulated, leading to excess formation of immunologically mediated thrombi which predominantly affect the microvasculature. The haemostatic and immune systems are intricately linked, and multifactorial processes are likely to contribute to VTE and immunothrombosis in COVID-19. This state-of-the-art review will explore the pathobiological mechanisms of immunothrombosis and VTE in COVID-19 focusing on: COVID-19-associated coagulopathy, pathology, endothelial dysfunction and haemostasis, the immune system and thrombosis, genetic associations and additional thrombotic mechanisms. An understanding of the complex interplay between these processes is necessary for developing and assessing how new treatments affect VTE and immunothrombosis in COVID-19.
Question: Does the abstract of the scientific paper support the claim?

Answer: Step 1: Read the whole abstract and extract information relevant to the question. The abstract discusses the thrombotic events that frequently occur in COVID-19, including venous thromboemboli (VTE) and distinctive microvascular abnormalities. It highlights the distinct COVID-19-associated coagulopathy along with increased cytokines and activation of platelets, endothelium, and complement which are more frequent with worsening disease severity. The text also emphasizes the intricate link between the haemostatic and immune systems and explores the pathobiological mechanisms of immunothrombosis and VTE in COVID-19, focusing on COVID-19-associated coagulopathy, pathology, endothelial dysfunction, and haemostasis, the immune system and thrombosis, genetic associations, and additional thrombotic mechanisms.
Step 2: Identify the relevant statement: “The haemostatic and immune systems are intricately linked, and multifactorial processes are likely to contribute to VTE and immunothrombosis in COVID-19.""
Step 3: Give reasoning to rationalize your decision: The statement underscores the multifaced nature of thrombotic complications in COVID-19, involving interactions between the immune response and hemostatic processes. 
Step 4: Conclusion: The abstract refutes the claim in the scientific news. The rationale in this sentence is: “The haemostatic and immune systems are intricately linked, and multifactorial processes are likely to contribute to VTE and immunothrombosis in COVID-19.""

Claim: 3D-printed Sarco capsules for assisted suicides, which can be activated from the inside by the person intending to die, have been approved under Swiss law.
Abstract: Assisting suicide is legal in Switzerland if it is offered without selfish motive to a person with decision-making capacity. Although the 'Swiss model' for suicide assistance has been extensively described in the literature, the formally and informally protected liberties and claims of assistors and recipients of suicide assistance in Switzerland are incompletely captured in the literature. In this article, we describe the package of rights involved in the 'Swiss model' using the framework of Hohfeldian rights as modified by Wenar. After outlining this framework, we dissect the rights involved in suicide assistance in Switzerland, and compare it with the situation in England and Germany. Based on this approach, we conclude that in Switzerland, claim rights exist for those requesting suicide assistance, and for those who are considering providing such assistance, even though no entitlements exist toward suicide assistance. We then describe the implementation of the 'Swiss model' and difficulties arising within it. Clarifying these issues is important to understand the Swiss situation, to evaluate what features of it may or may not be worth correcting or emulating, and to understand how it can impact requests for suicide assistance in other countries due to 'suicide tourism'. It is also important to understand exactly what sets Switzerland apart from other countries with different legislations regarding suicide assistance.
Question: Does the abstract of the scientific paper support the claim?

Answer: Step 1: Read the whole abstract and extract information relevant to the question. The abstract discusses the legality of assisted suicide in Switzerland, highlighting that it is legal if offered without a selfish motive to a person with decision-making capacity. The article describes the package of rights involved in the 'Swiss model' using a specific framework, and compares the situation in Switzerland with that in England and Germany. It concludes that in Switzerland, claim rights exist for those requesting suicide assistance and for those considering providing such assistance. The text also emphasizes the importance of clarifying these issues to understand the Swiss situation, evaluate its features, and comprehend how it can impact requests for suicide assistance in other countries due to 'suicide tourism'.
Step 2: Identify the relevant statement: “In Switzerland, claim rights exist for those requesting suicide assistance, and for those who are considering providing such assistance, even though no entitlements exist toward suicide assistance.""
Step 3: Give reasoning to rationalize your decision: The statement underscores that while individuals have the right to request and consider suicide assistance, the actual provision of such assistance is not guaranteed and is subject to specific conditions and legal frameworks in Switzerland.
Step 4: Conclusion: The abstract refutes the claim in the scientific news. The rationale in this sentence is: “In Switzerland, claim rights exist for those requesting suicide assistance, and for those who are considering providing such assistance, even though no entitlements exist toward suicide assistance.""

Claim: Evidence shows that U.S. schoolchildren are self-identifying as animals and disrupting classrooms
Abstract: The term furry describes a diverse community of fans, artists, writers, gamers, and role players. Most furries create for themselves an anthropomorphized animal character (fursona) with whom they identify and can function as an avatar within the community. Some furries wear elaborate costumes (called fursuits) or paraphernalia such as animal ears or tails, or represent themselves as anthropomorphic animals in online communities such as Second Life. Furry fandom is an inclusive term that describes the community of furries that span online, local, and international settings. The furry fandom is global, with hundreds of local groups existing worldwide and dozens of conventions held annually. A small subset of furries (~10%), called therians, believe they are spiritually connected to animals, are less than (or more than) 100% human, are an animal trapped in a human body, or were an animal in a former life. Otherkin, like therians, feel spiritually connected to non-human species, but the species extend to mystical species, e.g., dragons, griffons, and minotaurs. More than 75% of furries are under the age of 25. Approximately 84% of furries identify as male, 13% female, and 2.5% are transgender. Furries are predominantly (83.2%) white. Approximately one-third identify as exclusively heterosexual; furries are about five times more likely to identify as exclusively homosexual than the general population. Nearly 60% of the furry fandom reports part-time or full-time enrollment in post-secondary education.
Question: Does the abstract of the scientific paper support the claim?

Answer: Step 1: Read the whole abstract and extract information relevant to the question. The furry community is diverse, including fans, artists, writers, gamers, and role players. Most furries create anthropomorphized animal characters called fursonas. Some wear elaborate costumes or paraphernalia and engage with online communities like Second Life. The community is global, with local groups and annual conventions. A subset of furries called therians and otherkin feel spiritually connected to animals, and the majority of furries are under 25 years old. The community is predominantly male and white, with a significant portion enrolled in post-secondary education.
Step 2: Identify the relevant statement: A small subset of furries (~10%), called therians, believe they are spiritually connected to animals, are less than (or more than) 100% human, are an animal trapped in a human body, or were an animal in a former life.
Step 3: Give reasoning to rationalize your decision: A subset of individuals within the furry community who identify as therians and feel spiritually connected to animals, but it does not specifically address U.S. schoolchildren or their behavior in classrooms.
Step 4: Conclusion: The abstract refutes the claim in the scientific news. The rationale is this sentence: “A small subset of furries (~10%), called therians, believe they are spiritually connected to animals, are less than (or more than) 100% human, are an animal trapped in a human body, or were an animal in a former life.”

Claim: COVID-19 test swabs touch the brain or bruise the amygdala to make people submissive
Abstract: Based on a study of mummies, skeletons, burial rites, medical instruments, medicaments, literature and objets d'art from Ancient Egypt before the Hellenistic Period, the understanding of the eye, its diseases and their treatment at that time is described. Magic spells, religious rites and medical treatments, especially with eye ointments, were probably used often complementary to one another. We must be very cautious about our conclusions in regard to the effectiveness of the treatments. Eye diseases have been depicted only exceptionally in Egyptian art, except for blindness and 'symbolic blindness'.
Question: Does the abstract of the scientific paper support the claim?

Answer: Step 1: Read the whole abstract and extract information relevant to the question. The abstract discusses the understanding of the eye, its diseases, and its treatment in Ancient Egypt before the Hellenistic Period. It mentions the study of mummies, burial rites, medical instruments, medicaments, literature, and objets d'art as sources of information. Magic spells, religious rites, and medical treatments, including eye ointments, were likely used in combination. The text also emphasizes the need for caution when drawing conclusions about the effectiveness of the treatments. Additionally, it notes that eye diseases were rarely depicted in Egyptian art, except for blindness and symbolic blindness.
Step 2: Identify the relevant statement: “Magic spells, religious rites and medical treatments, especially with eye ointments, were probably used often complementary to one another.""
Step 3: Give reasoning to rationalize your decision: This holistic approach involving magic, religious rites, and medical treatments contrasts with any claim that ancient Egyptian eye treatments were solely based on empirical medical practices or modern scientific principles. 
Step 4: Conclusion: The abstract refutes the claim in the scientific news. The rationale in this sentence is: “Magic spells, religious rites, and medical treatments, especially with eye ointments, were probably used often complementary to one another.""

Read the claim and abstract and answer the question by mimicking the process previously outlined.

Claim: COVID-19 vaccines take away the human rights of recipients
Abstract: We've all heard the conspiracy theories about COVID-19. Now a whole new set is emerging around COVID vaccines  and spreading as virulently as the pandemic they are meant to control. Though the public health community tends to resort to reassurances about some of the more reasonable concerns  yes, the vaccines have been developed incredibly quickly and short-term side effects can occur   this post aims to do something different. We're going right to the heart of the matter. So no, COVID-19 vaccines aren't delivery vehicles for government microchips. They aren't tainted by material from aborted fetuses. And they won't turn us into GMOs  though some of them do use genetic engineering, and all of them use genetics more broadly. We think this is way cool  something to celebrate, not shy away from. So, we're doing the deep reveal on exactly how genetics and biotechnology have been a central component of the vaccine effort. Because we know the conspiracists don't care about evidence, anyway.
Question: Does the abstract of the scientific paper support the claim?

","Answer: Step 1: Read the whole abstract and extract information relevant to the question. The abstract discusses the conspiracy theories surrounding COVID-19 vaccines, emphasizing that these vaccines are not delivery vehicles for government microchips, are not tainted by material from aborted fetuses, and will not turn us into genetically modified organisms. It also highlights the use of genetics and biotechnology in the development of these vaccines, which the authors view as a positive aspect.
Step 2: Identify the relevant statement: “So no, COVID-19 vaccines aren't delivery vehicles for government microchips. They aren't tainted by material from aborted fetuses. And they won't turn us into GMOs.”
Step 3: Give reasoning to rationalize your decision: The statement refutes several conspiracy theories about COVID-19 vaccines, none of which involve the violation of human rights.
Step 4: Conclusion: The abstract refutes the claim in the scientific news. The rationale in this sentence is: “So no, COVID-19 vaccines aren't delivery vehicles for government microchips. They aren't tainted by material from aborted fetuses. And they won't turn us into GMOs.”"
2,"Read the following example(s) and answer the question at the end:

Claim: Post-pandemic stress disorder is caused by COVID-19 vaccines.
Abstract: Thrombotic events that frequently occur in COVID-19 are predominantly venous thromboemboli (VTE) and are associated with increasing disease severity and worse clinical outcomes. Distinctive microvascular abnormalities in COVID-19 include endothelial inflammation, disruption of intercellular junctions and microthrombi formation. A distinct COVID-19-associated coagulopathy along with increased cytokines and activation of platelets, endothelium and complement occur in COVID-19, which is more frequent with worsening disease severity. This proinflammatory milieu may result in immunothrombosis, a host defence mechanism that can become dysregulated, leading to excess formation of immunologically mediated thrombi which predominantly affect the microvasculature. The haemostatic and immune systems are intricately linked, and multifactorial processes are likely to contribute to VTE and immunothrombosis in COVID-19. This state-of-the-art review will explore the pathobiological mechanisms of immunothrombosis and VTE in COVID-19 focusing on: COVID-19-associated coagulopathy, pathology, endothelial dysfunction and haemostasis, the immune system and thrombosis, genetic associations and additional thrombotic mechanisms. An understanding of the complex interplay between these processes is necessary for developing and assessing how new treatments affect VTE and immunothrombosis in COVID-19.
Question: Does the abstract of the scientific paper support the claim?

Answer: Step 1: Read the whole abstract and extract information relevant to the question. The abstract discusses the thrombotic events that frequently occur in COVID-19, including venous thromboemboli (VTE) and distinctive microvascular abnormalities. It highlights the distinct COVID-19-associated coagulopathy along with increased cytokines and activation of platelets, endothelium, and complement which are more frequent with worsening disease severity. The text also emphasizes the intricate link between the haemostatic and immune systems and explores the pathobiological mechanisms of immunothrombosis and VTE in COVID-19, focusing on COVID-19-associated coagulopathy, pathology, endothelial dysfunction, and haemostasis, the immune system and thrombosis, genetic associations, and additional thrombotic mechanisms.
Step 2: Identify the relevant statement: “The haemostatic and immune systems are intricately linked, and multifactorial processes are likely to contribute to VTE and immunothrombosis in COVID-19.""
Step 3: Give reasoning to rationalize your decision: The statement underscores the multifaced nature of thrombotic complications in COVID-19, involving interactions between the immune response and hemostatic processes. 
Step 4: Conclusion: The abstract refutes the claim in the scientific news. The rationale in this sentence is: “The haemostatic and immune systems are intricately linked, and multifactorial processes are likely to contribute to VTE and immunothrombosis in COVID-19.""

Claim: 3D-printed Sarco capsules for assisted suicides, which can be activated from the inside by the person intending to die, have been approved under Swiss law.
Abstract: Assisting suicide is legal in Switzerland if it is offered without selfish motive to a person with decision-making capacity. Although the 'Swiss model' for suicide assistance has been extensively described in the literature, the formally and informally protected liberties and claims of assistors and recipients of suicide assistance in Switzerland are incompletely captured in the literature. In this article, we describe the package of rights involved in the 'Swiss model' using the framework of Hohfeldian rights as modified by Wenar. After outlining this framework, we dissect the rights involved in suicide assistance in Switzerland, and compare it with the situation in England and Germany. Based on this approach, we conclude that in Switzerland, claim rights exist for those requesting suicide assistance, and for those who are considering providing such assistance, even though no entitlements exist toward suicide assistance. We then describe the implementation of the 'Swiss model' and difficulties arising within it. Clarifying these issues is important to understand the Swiss situation, to evaluate what features of it may or may not be worth correcting or emulating, and to understand how it can impact requests for suicide assistance in other countries due to 'suicide tourism'. It is also important to understand exactly what sets Switzerland apart from other countries with different legislations regarding suicide assistance.
Question: Does the abstract of the scientific paper support the claim?

Answer: Step 1: Read the whole abstract and extract information relevant to the question. The abstract discusses the legality of assisted suicide in Switzerland, highlighting that it is legal if offered without a selfish motive to a person with decision-making capacity. The article describes the package of rights involved in the 'Swiss model' using a specific framework, and compares the situation in Switzerland with that in England and Germany. It concludes that in Switzerland, claim rights exist for those requesting suicide assistance and for those considering providing such assistance. The text also emphasizes the importance of clarifying these issues to understand the Swiss situation, evaluate its features, and comprehend how it can impact requests for suicide assistance in other countries due to 'suicide tourism'.
Step 2: Identify the relevant statement: “In Switzerland, claim rights exist for those requesting suicide assistance, and for those who are considering providing such assistance, even though no entitlements exist toward suicide assistance.""
Step 3: Give reasoning to rationalize your decision: The statement underscores that while individuals have the right to request and consider suicide assistance, the actual provision of such assistance is not guaranteed and is subject to specific conditions and legal frameworks in Switzerland.
Step 4: Conclusion: The abstract refutes the claim in the scientific news. The rationale in this sentence is: “In Switzerland, claim rights exist for those requesting suicide assistance, and for those who are considering providing such assistance, even though no entitlements exist toward suicide assistance.""

Claim: Evidence shows that U.S. schoolchildren are self-identifying as animals and disrupting classrooms
Abstract: The term furry describes a diverse community of fans, artists, writers, gamers, and role players. Most furries create for themselves an anthropomorphized animal character (fursona) with whom they identify and can function as an avatar within the community. Some furries wear elaborate costumes (called fursuits) or paraphernalia such as animal ears or tails, or represent themselves as anthropomorphic animals in online communities such as Second Life. Furry fandom is an inclusive term that describes the community of furries that span online, local, and international settings. The furry fandom is global, with hundreds of local groups existing worldwide and dozens of conventions held annually. A small subset of furries (~10%), called therians, believe they are spiritually connected to animals, are less than (or more than) 100% human, are an animal trapped in a human body, or were an animal in a former life. Otherkin, like therians, feel spiritually connected to non-human species, but the species extend to mystical species, e.g., dragons, griffons, and minotaurs. More than 75% of furries are under the age of 25. Approximately 84% of furries identify as male, 13% female, and 2.5% are transgender. Furries are predominantly (83.2%) white. Approximately one-third identify as exclusively heterosexual; furries are about five times more likely to identify as exclusively homosexual than the general population. Nearly 60% of the furry fandom reports part-time or full-time enrollment in post-secondary education.
Question: Does the abstract of the scientific paper support the claim?

Answer: Step 1: Read the whole abstract and extract information relevant to the question. The furry community is diverse, including fans, artists, writers, gamers, and role players. Most furries create anthropomorphized animal characters called fursonas. Some wear elaborate costumes or paraphernalia and engage with online communities like Second Life. The community is global, with local groups and annual conventions. A subset of furries called therians and otherkin feel spiritually connected to animals, and the majority of furries are under 25 years old. The community is predominantly male and white, with a significant portion enrolled in post-secondary education.
Step 2: Identify the relevant statement: A small subset of furries (~10%), called therians, believe they are spiritually connected to animals, are less than (or more than) 100% human, are an animal trapped in a human body, or were an animal in a former life.
Step 3: Give reasoning to rationalize your decision: A subset of individuals within the furry community who identify as therians and feel spiritually connected to animals, but it does not specifically address U.S. schoolchildren or their behavior in classrooms.
Step 4: Conclusion: The abstract refutes the claim in the scientific news. The rationale is this sentence: “A small subset of furries (~10%), called therians, believe they are spiritually connected to animals, are less than (or more than) 100% human, are an animal trapped in a human body, or were an animal in a former life.”

Claim: COVID-19 test swabs touch the brain or bruise the amygdala to make people submissive
Abstract: Based on a study of mummies, skeletons, burial rites, medical instruments, medicaments, literature and objets d'art from Ancient Egypt before the Hellenistic Period, the understanding of the eye, its diseases and their treatment at that time is described. Magic spells, religious rites and medical treatments, especially with eye ointments, were probably used often complementary to one another. We must be very cautious about our conclusions in regard to the effectiveness of the treatments. Eye diseases have been depicted only exceptionally in Egyptian art, except for blindness and 'symbolic blindness'.
Question: Does the abstract of the scientific paper support the claim?

Answer: Step 1: Read the whole abstract and extract information relevant to the question. The abstract discusses the understanding of the eye, its diseases, and its treatment in Ancient Egypt before the Hellenistic Period. It mentions the study of mummies, burial rites, medical instruments, medicaments, literature, and objets d'art as sources of information. Magic spells, religious rites, and medical treatments, including eye ointments, were likely used in combination. The text also emphasizes the need for caution when drawing conclusions about the effectiveness of the treatments. Additionally, it notes that eye diseases were rarely depicted in Egyptian art, except for blindness and symbolic blindness.
Step 2: Identify the relevant statement: “Magic spells, religious rites and medical treatments, especially with eye ointments, were probably used often complementary to one another.""
Step 3: Give reasoning to rationalize your decision: This holistic approach involving magic, religious rites, and medical treatments contrasts with any claim that ancient Egyptian eye treatments were solely based on empirical medical practices or modern scientific principles. 
Step 4: Conclusion: The abstract refutes the claim in the scientific news. The rationale in this sentence is: “Magic spells, religious rites, and medical treatments, especially with eye ointments, were probably used often complementary to one another.""

Read the claim and abstract and answer the question by mimicking the process previously outlined.

Claim: Sniffing rosemary increases human memory by up to 75 percent.
Abstract: The mode of influence of the aromas of plant essential oils on human behaviour is largely unclear."", ""This study was designed to assess the potential pharmacological relationships between absorbed 1,8-cineole following exposure to rosemary aroma, cognitive performance and mood.
Question: Does the abstract of the scientific paper support the claim?

","Answer: Step 1: Read the whole abstract and extract information relevant to the question. The abstract discusses the unclear influence of plant essential oil aromas on human behavior. It mentions a study designed to assess potential pharmacological relationships between absorbed 1,8-cineole following exposure to rosemary aroma, cognitive performance, and mood.
Step 2: Identify the relevant statement: ""This study was designed to assess the potential pharmacological relationships between absorbed 1,8-cineole following exposure to rosemary aroma, cognitive performance and mood.""
Step 3: Give reasoning to rationalize your decision: The statement indicates that a study was conducted to assess the potential relationships between exposure to rosemary aroma and cognitive performance, but it does not provide any specific results or conclusions about the effect of rosemary aroma on memory.
Step 4: Conclusion: The abstract does not support the claim in the scientific news. The rationale in this sentence is: ""This study was designed to assess the potential pharmacological relationships between absorbed 1,8-cineole following exposure to rosemary aroma, cognitive performance and mood."""
3,"Read the following example(s) and answer the question at the end:

Claim: Post-pandemic stress disorder is caused by COVID-19 vaccines.
Abstract: Thrombotic events that frequently occur in COVID-19 are predominantly venous thromboemboli (VTE) and are associated with increasing disease severity and worse clinical outcomes. Distinctive microvascular abnormalities in COVID-19 include endothelial inflammation, disruption of intercellular junctions and microthrombi formation. A distinct COVID-19-associated coagulopathy along with increased cytokines and activation of platelets, endothelium and complement occur in COVID-19, which is more frequent with worsening disease severity. This proinflammatory milieu may result in immunothrombosis, a host defence mechanism that can become dysregulated, leading to excess formation of immunologically mediated thrombi which predominantly affect the microvasculature. The haemostatic and immune systems are intricately linked, and multifactorial processes are likely to contribute to VTE and immunothrombosis in COVID-19. This state-of-the-art review will explore the pathobiological mechanisms of immunothrombosis and VTE in COVID-19 focusing on: COVID-19-associated coagulopathy, pathology, endothelial dysfunction and haemostasis, the immune system and thrombosis, genetic associations and additional thrombotic mechanisms. An understanding of the complex interplay between these processes is necessary for developing and assessing how new treatments affect VTE and immunothrombosis in COVID-19.
Question: Does the abstract of the scientific paper support the claim?

Answer: Step 1: Read the whole abstract and extract information relevant to the question. The abstract discusses the thrombotic events that frequently occur in COVID-19, including venous thromboemboli (VTE) and distinctive microvascular abnormalities. It highlights the distinct COVID-19-associated coagulopathy along with increased cytokines and activation of platelets, endothelium, and complement which are more frequent with worsening disease severity. The text also emphasizes the intricate link between the haemostatic and immune systems and explores the pathobiological mechanisms of immunothrombosis and VTE in COVID-19, focusing on COVID-19-associated coagulopathy, pathology, endothelial dysfunction, and haemostasis, the immune system and thrombosis, genetic associations, and additional thrombotic mechanisms.
Step 2: Identify the relevant statement: “The haemostatic and immune systems are intricately linked, and multifactorial processes are likely to contribute to VTE and immunothrombosis in COVID-19.""
Step 3: Give reasoning to rationalize your decision: The statement underscores the multifaced nature of thrombotic complications in COVID-19, involving interactions between the immune response and hemostatic processes. 
Step 4: Conclusion: The abstract refutes the claim in the scientific news. The rationale in this sentence is: “The haemostatic and immune systems are intricately linked, and multifactorial processes are likely to contribute to VTE and immunothrombosis in COVID-19.""

Claim: 3D-printed Sarco capsules for assisted suicides, which can be activated from the inside by the person intending to die, have been approved under Swiss law.
Abstract: Assisting suicide is legal in Switzerland if it is offered without selfish motive to a person with decision-making capacity. Although the 'Swiss model' for suicide assistance has been extensively described in the literature, the formally and informally protected liberties and claims of assistors and recipients of suicide assistance in Switzerland are incompletely captured in the literature. In this article, we describe the package of rights involved in the 'Swiss model' using the framework of Hohfeldian rights as modified by Wenar. After outlining this framework, we dissect the rights involved in suicide assistance in Switzerland, and compare it with the situation in England and Germany. Based on this approach, we conclude that in Switzerland, claim rights exist for those requesting suicide assistance, and for those who are considering providing such assistance, even though no entitlements exist toward suicide assistance. We then describe the implementation of the 'Swiss model' and difficulties arising within it. Clarifying these issues is important to understand the Swiss situation, to evaluate what features of it may or may not be worth correcting or emulating, and to understand how it can impact requests for suicide assistance in other countries due to 'suicide tourism'. It is also important to understand exactly what sets Switzerland apart from other countries with different legislations regarding suicide assistance.
Question: Does the abstract of the scientific paper support the claim?

Answer: Step 1: Read the whole abstract and extract information relevant to the question. The abstract discusses the legality of assisted suicide in Switzerland, highlighting that it is legal if offered without a selfish motive to a person with decision-making capacity. The article describes the package of rights involved in the 'Swiss model' using a specific framework, and compares the situation in Switzerland with that in England and Germany. It concludes that in Switzerland, claim rights exist for those requesting suicide assistance and for those considering providing such assistance. The text also emphasizes the importance of clarifying these issues to understand the Swiss situation, evaluate its features, and comprehend how it can impact requests for suicide assistance in other countries due to 'suicide tourism'.
Step 2: Identify the relevant statement: “In Switzerland, claim rights exist for those requesting suicide assistance, and for those who are considering providing such assistance, even though no entitlements exist toward suicide assistance.""
Step 3: Give reasoning to rationalize your decision: The statement underscores that while individuals have the right to request and consider suicide assistance, the actual provision of such assistance is not guaranteed and is subject to specific conditions and legal frameworks in Switzerland.
Step 4: Conclusion: The abstract refutes the claim in the scientific news. The rationale in this sentence is: “In Switzerland, claim rights exist for those requesting suicide assistance, and for those who are considering providing such assistance, even though no entitlements exist toward suicide assistance.""

Claim: Evidence shows that U.S. schoolchildren are self-identifying as animals and disrupting classrooms
Abstract: The term furry describes a diverse community of fans, artists, writers, gamers, and role players. Most furries create for themselves an anthropomorphized animal character (fursona) with whom they identify and can function as an avatar within the community. Some furries wear elaborate costumes (called fursuits) or paraphernalia such as animal ears or tails, or represent themselves as anthropomorphic animals in online communities such as Second Life. Furry fandom is an inclusive term that describes the community of furries that span online, local, and international settings. The furry fandom is global, with hundreds of local groups existing worldwide and dozens of conventions held annually. A small subset of furries (~10%), called therians, believe they are spiritually connected to animals, are less than (or more than) 100% human, are an animal trapped in a human body, or were an animal in a former life. Otherkin, like therians, feel spiritually connected to non-human species, but the species extend to mystical species, e.g., dragons, griffons, and minotaurs. More than 75% of furries are under the age of 25. Approximately 84% of furries identify as male, 13% female, and 2.5% are transgender. Furries are predominantly (83.2%) white. Approximately one-third identify as exclusively heterosexual; furries are about five times more likely to identify as exclusively homosexual than the general population. Nearly 60% of the furry fandom reports part-time or full-time enrollment in post-secondary education.
Question: Does the abstract of the scientific paper support the claim?

Answer: Step 1: Read the whole abstract and extract information relevant to the question. The furry community is diverse, including fans, artists, writers, gamers, and role players. Most furries create anthropomorphized animal characters called fursonas. Some wear elaborate costumes or paraphernalia and engage with online communities like Second Life. The community is global, with local groups and annual conventions. A subset of furries called therians and otherkin feel spiritually connected to animals, and the majority of furries are under 25 years old. The community is predominantly male and white, with a significant portion enrolled in post-secondary education.
Step 2: Identify the relevant statement: A small subset of furries (~10%), called therians, believe they are spiritually connected to animals, are less than (or more than) 100% human, are an animal trapped in a human body, or were an animal in a former life.
Step 3: Give reasoning to rationalize your decision: A subset of individuals within the furry community who identify as therians and feel spiritually connected to animals, but it does not specifically address U.S. schoolchildren or their behavior in classrooms.
Step 4: Conclusion: The abstract refutes the claim in the scientific news. The rationale is this sentence: “A small subset of furries (~10%), called therians, believe they are spiritually connected to animals, are less than (or more than) 100% human, are an animal trapped in a human body, or were an animal in a former life.”

Claim: COVID-19 test swabs touch the brain or bruise the amygdala to make people submissive
Abstract: Based on a study of mummies, skeletons, burial rites, medical instruments, medicaments, literature and objets d'art from Ancient Egypt before the Hellenistic Period, the understanding of the eye, its diseases and their treatment at that time is described. Magic spells, religious rites and medical treatments, especially with eye ointments, were probably used often complementary to one another. We must be very cautious about our conclusions in regard to the effectiveness of the treatments. Eye diseases have been depicted only exceptionally in Egyptian art, except for blindness and 'symbolic blindness'.
Question: Does the abstract of the scientific paper support the claim?

Answer: Step 1: Read the whole abstract and extract information relevant to the question. The abstract discusses the understanding of the eye, its diseases, and its treatment in Ancient Egypt before the Hellenistic Period. It mentions the study of mummies, burial rites, medical instruments, medicaments, literature, and objets d'art as sources of information. Magic spells, religious rites, and medical treatments, including eye ointments, were likely used in combination. The text also emphasizes the need for caution when drawing conclusions about the effectiveness of the treatments. Additionally, it notes that eye diseases were rarely depicted in Egyptian art, except for blindness and symbolic blindness.
Step 2: Identify the relevant statement: “Magic spells, religious rites and medical treatments, especially with eye ointments, were probably used often complementary to one another.""
Step 3: Give reasoning to rationalize your decision: This holistic approach involving magic, religious rites, and medical treatments contrasts with any claim that ancient Egyptian eye treatments were solely based on empirical medical practices or modern scientific principles. 
Step 4: Conclusion: The abstract refutes the claim in the scientific news. The rationale in this sentence is: “Magic spells, religious rites, and medical treatments, especially with eye ointments, were probably used often complementary to one another.""

Read the claim and abstract and answer the question by mimicking the process previously outlined.

Claim: Left-handed people, on average, die younger than right-handed people.
Abstract: The declining prevalence of left-handed individuals with increasing age has led to two main avenues of hypotheses; the association is due either (1) to a birth cohort effect and/or an age effect caused by a switch to right-handedness with advancing age or (2) to mortality selection that reduces survival in left-handed individuals, or both. It is uncertain whether a cohort or age effect can explain the decline in age-related prevalence, and conflicting evidence exists in favor of the mortality hypothesis. We compared mortality in a subgroup of 118 opposite-handed twin pairs by counting in how many instances the right-handed twin died first. There was no evidence of differential survival between right-handed and non-right-handed individuals in the entire 1900-1910 cohort. With respect to the number of right-handed twins who died first, there was no material disadvantage among those who were not right-handed. In 60% (95% confidence interval = 49.0-71.5%) of dizygotic pairs, the right-handed twins died first. In 50% of monozygotic pairs, right-handed twins died first. The prevalence of not being right-handed was higher among males (9.2%) than females (6.5%); there was a similar frequency of non-right-handedness in monozygotic (8.0%) and dizygotic (7.8%) twins. We did not find evidence of excess mortality among non-right-handed adult twins in this follow-up study.
Question: Does the abstract of the scientific paper support the claim?

","Answer: Step 1: Read the whole abstract and extract information relevant to the question. The abstract discusses the declining prevalence of left-handed individuals with increasing age, and the hypotheses that this is due to a birth cohort effect and/or an age effect caused by a switch to right-handedness with advancing age, or to mortality selection that reduces survival in left-handed individuals. The study compared mortality in a subgroup of 118 opposite-handed twin pairs and found no evidence of differential survival between right-handed and non-right-handed individuals in the entire 1900-1910 cohort. The prevalence of not being right-handed was higher among males than females, and there was a similar frequency of non-right-handedness in monozygotic and dizygotic twins.
Step 2: Identify the relevant statement: “There was no evidence of differential survival between right-handed and non-right-handed individuals in the entire 1900-1910 cohort.""
Step 3: Give reasoning to rationalize your decision: The statement directly contradicts the claim that left-handed people die younger than right-handed people, as it states that there was no evidence of differential survival between right-handed and non-right-handed individuals.
Step 4: Conclusion: The abstract refutes the claim in the scientific news. The rationale in this sentence is: “There was no evidence of differential survival between right-handed and non-right-handed individuals in the entire 1900-1910 cohort."""
4,"Read the following example(s) and answer the question at the end:

Claim: Post-pandemic stress disorder is caused by COVID-19 vaccines.
Abstract: Thrombotic events that frequently occur in COVID-19 are predominantly venous thromboemboli (VTE) and are associated with increasing disease severity and worse clinical outcomes. Distinctive microvascular abnormalities in COVID-19 include endothelial inflammation, disruption of intercellular junctions and microthrombi formation. A distinct COVID-19-associated coagulopathy along with increased cytokines and activation of platelets, endothelium and complement occur in COVID-19, which is more frequent with worsening disease severity. This proinflammatory milieu may result in immunothrombosis, a host defence mechanism that can become dysregulated, leading to excess formation of immunologically mediated thrombi which predominantly affect the microvasculature. The haemostatic and immune systems are intricately linked, and multifactorial processes are likely to contribute to VTE and immunothrombosis in COVID-19. This state-of-the-art review will explore the pathobiological mechanisms of immunothrombosis and VTE in COVID-19 focusing on: COVID-19-associated coagulopathy, pathology, endothelial dysfunction and haemostasis, the immune system and thrombosis, genetic associations and additional thrombotic mechanisms. An understanding of the complex interplay between these processes is necessary for developing and assessing how new treatments affect VTE and immunothrombosis in COVID-19.
Question: Does the abstract of the scientific paper support the claim?

Answer: Step 1: Read the whole abstract and extract information relevant to the question. The abstract discusses the thrombotic events that frequently occur in COVID-19, including venous thromboemboli (VTE) and distinctive microvascular abnormalities. It highlights the distinct COVID-19-associated coagulopathy along with increased cytokines and activation of platelets, endothelium, and complement which are more frequent with worsening disease severity. The text also emphasizes the intricate link between the haemostatic and immune systems and explores the pathobiological mechanisms of immunothrombosis and VTE in COVID-19, focusing on COVID-19-associated coagulopathy, pathology, endothelial dysfunction, and haemostasis, the immune system and thrombosis, genetic associations, and additional thrombotic mechanisms.
Step 2: Identify the relevant statement: “The haemostatic and immune systems are intricately linked, and multifactorial processes are likely to contribute to VTE and immunothrombosis in COVID-19.""
Step 3: Give reasoning to rationalize your decision: The statement underscores the multifaced nature of thrombotic complications in COVID-19, involving interactions between the immune response and hemostatic processes. 
Step 4: Conclusion: The abstract refutes the claim in the scientific news. The rationale in this sentence is: “The haemostatic and immune systems are intricately linked, and multifactorial processes are likely to contribute to VTE and immunothrombosis in COVID-19.""

Claim: 3D-printed Sarco capsules for assisted suicides, which can be activated from the inside by the person intending to die, have been approved under Swiss law.
Abstract: Assisting suicide is legal in Switzerland if it is offered without selfish motive to a person with decision-making capacity. Although the 'Swiss model' for suicide assistance has been extensively described in the literature, the formally and informally protected liberties and claims of assistors and recipients of suicide assistance in Switzerland are incompletely captured in the literature. In this article, we describe the package of rights involved in the 'Swiss model' using the framework of Hohfeldian rights as modified by Wenar. After outlining this framework, we dissect the rights involved in suicide assistance in Switzerland, and compare it with the situation in England and Germany. Based on this approach, we conclude that in Switzerland, claim rights exist for those requesting suicide assistance, and for those who are considering providing such assistance, even though no entitlements exist toward suicide assistance. We then describe the implementation of the 'Swiss model' and difficulties arising within it. Clarifying these issues is important to understand the Swiss situation, to evaluate what features of it may or may not be worth correcting or emulating, and to understand how it can impact requests for suicide assistance in other countries due to 'suicide tourism'. It is also important to understand exactly what sets Switzerland apart from other countries with different legislations regarding suicide assistance.
Question: Does the abstract of the scientific paper support the claim?

Answer: Step 1: Read the whole abstract and extract information relevant to the question. The abstract discusses the legality of assisted suicide in Switzerland, highlighting that it is legal if offered without a selfish motive to a person with decision-making capacity. The article describes the package of rights involved in the 'Swiss model' using a specific framework, and compares the situation in Switzerland with that in England and Germany. It concludes that in Switzerland, claim rights exist for those requesting suicide assistance and for those considering providing such assistance. The text also emphasizes the importance of clarifying these issues to understand the Swiss situation, evaluate its features, and comprehend how it can impact requests for suicide assistance in other countries due to 'suicide tourism'.
Step 2: Identify the relevant statement: “In Switzerland, claim rights exist for those requesting suicide assistance, and for those who are considering providing such assistance, even though no entitlements exist toward suicide assistance.""
Step 3: Give reasoning to rationalize your decision: The statement underscores that while individuals have the right to request and consider suicide assistance, the actual provision of such assistance is not guaranteed and is subject to specific conditions and legal frameworks in Switzerland.
Step 4: Conclusion: The abstract refutes the claim in the scientific news. The rationale in this sentence is: “In Switzerland, claim rights exist for those requesting suicide assistance, and for those who are considering providing such assistance, even though no entitlements exist toward suicide assistance.""

Claim: Evidence shows that U.S. schoolchildren are self-identifying as animals and disrupting classrooms
Abstract: The term furry describes a diverse community of fans, artists, writers, gamers, and role players. Most furries create for themselves an anthropomorphized animal character (fursona) with whom they identify and can function as an avatar within the community. Some furries wear elaborate costumes (called fursuits) or paraphernalia such as animal ears or tails, or represent themselves as anthropomorphic animals in online communities such as Second Life. Furry fandom is an inclusive term that describes the community of furries that span online, local, and international settings. The furry fandom is global, with hundreds of local groups existing worldwide and dozens of conventions held annually. A small subset of furries (~10%), called therians, believe they are spiritually connected to animals, are less than (or more than) 100% human, are an animal trapped in a human body, or were an animal in a former life. Otherkin, like therians, feel spiritually connected to non-human species, but the species extend to mystical species, e.g., dragons, griffons, and minotaurs. More than 75% of furries are under the age of 25. Approximately 84% of furries identify as male, 13% female, and 2.5% are transgender. Furries are predominantly (83.2%) white. Approximately one-third identify as exclusively heterosexual; furries are about five times more likely to identify as exclusively homosexual than the general population. Nearly 60% of the furry fandom reports part-time or full-time enrollment in post-secondary education.
Question: Does the abstract of the scientific paper support the claim?

Answer: Step 1: Read the whole abstract and extract information relevant to the question. The furry community is diverse, including fans, artists, writers, gamers, and role players. Most furries create anthropomorphized animal characters called fursonas. Some wear elaborate costumes or paraphernalia and engage with online communities like Second Life. The community is global, with local groups and annual conventions. A subset of furries called therians and otherkin feel spiritually connected to animals, and the majority of furries are under 25 years old. The community is predominantly male and white, with a significant portion enrolled in post-secondary education.
Step 2: Identify the relevant statement: A small subset of furries (~10%), called therians, believe they are spiritually connected to animals, are less than (or more than) 100% human, are an animal trapped in a human body, or were an animal in a former life.
Step 3: Give reasoning to rationalize your decision: A subset of individuals within the furry community who identify as therians and feel spiritually connected to animals, but it does not specifically address U.S. schoolchildren or their behavior in classrooms.
Step 4: Conclusion: The abstract refutes the claim in the scientific news. The rationale is this sentence: “A small subset of furries (~10%), called therians, believe they are spiritually connected to animals, are less than (or more than) 100% human, are an animal trapped in a human body, or were an animal in a former life.”

Claim: COVID-19 test swabs touch the brain or bruise the amygdala to make people submissive
Abstract: Based on a study of mummies, skeletons, burial rites, medical instruments, medicaments, literature and objets d'art from Ancient Egypt before the Hellenistic Period, the understanding of the eye, its diseases and their treatment at that time is described. Magic spells, religious rites and medical treatments, especially with eye ointments, were probably used often complementary to one another. We must be very cautious about our conclusions in regard to the effectiveness of the treatments. Eye diseases have been depicted only exceptionally in Egyptian art, except for blindness and 'symbolic blindness'.
Question: Does the abstract of the scientific paper support the claim?

Answer: Step 1: Read the whole abstract and extract information relevant to the question. The abstract discusses the understanding of the eye, its diseases, and its treatment in Ancient Egypt before the Hellenistic Period. It mentions the study of mummies, burial rites, medical instruments, medicaments, literature, and objets d'art as sources of information. Magic spells, religious rites, and medical treatments, including eye ointments, were likely used in combination. The text also emphasizes the need for caution when drawing conclusions about the effectiveness of the treatments. Additionally, it notes that eye diseases were rarely depicted in Egyptian art, except for blindness and symbolic blindness.
Step 2: Identify the relevant statement: “Magic spells, religious rites and medical treatments, especially with eye ointments, were probably used often complementary to one another.""
Step 3: Give reasoning to rationalize your decision: This holistic approach involving magic, religious rites, and medical treatments contrasts with any claim that ancient Egyptian eye treatments were solely based on empirical medical practices or modern scientific principles. 
Step 4: Conclusion: The abstract refutes the claim in the scientific news. The rationale in this sentence is: “Magic spells, religious rites, and medical treatments, especially with eye ointments, were probably used often complementary to one another.""

Read the claim and abstract and answer the question by mimicking the process previously outlined.

Claim: Conspiracy theorists are generally more sane than other people.
Abstract: Recent research into the psychology of conspiracy belief has highlighted the importance of belief systems in the acceptance or rejection of conspiracy theories. We examined a large sample of conspiracist (pro-conspiracy-theory) and conventionalist (anti-conspiracy-theory) comments on news websites in order to investigate the relative importance of promoting alternative explanations vs. rejecting conventional explanations for events. In accordance with our hypotheses, we found that conspiracist commenters were more likely to argue against the opposing interpretation and less likely to argue in favor of their own interpretation, while the opposite was true of conventionalist commenters. However, conspiracist comments were more likely to explicitly put forward an account than conventionalist comments were. In addition, conspiracists were more likely to express mistrust and made more positive and fewer negative references to other conspiracy theories. The data also indicate that conspiracists were largely unwilling to apply the conspiracy theory label to their own beliefs and objected when others did so, lending support to the long-held suggestion that conspiracy belief carries a social stigma. Finally, conventionalist arguments tended to have a more hostile tone. These tendencies in persuasive communication can be understood as a reflection of an underlying conspiracist worldview in which the details of individual conspiracy theories are less important than a generalized rejection of official explanations.
Question: Does the abstract of the scientific paper support the claim?

","Answer: Step 1: Read the whole abstract and extract information relevant to the question. The abstract discusses the psychology of conspiracy belief, highlighting the importance of belief systems in the acceptance or rejection of conspiracy theories. It examines a large sample of conspiracist and conventionalist comments on news websites, investigating the relative importance of promoting alternative explanations vs. rejecting conventional explanations for events. The text also emphasizes that conspiracists were more likely to express mistrust and made more positive and fewer negative references to other conspiracy theories. The data also indicate that conspiracists were largely unwilling to apply the conspiracy theory label to their own beliefs and objected when others did so, suggesting that conspiracy belief carries a social stigma. Finally, conventionalist arguments tended to have a more hostile tone.
Step 2: Identify the relevant statement: “In accordance with our hypotheses, we found that conspiracist commenters were more likely to argue against the opposing interpretation and less likely to argue in favor of their own interpretation, while the opposite was true of conventionalist commenters.""
Step 3: Give reasoning to rationalize your decision: The statement underscores that conspiracists were more likely to argue against opposing interpretations and less likely to argue in favor of their own, suggesting a tendency towards rejection of conventional explanations rather than promotion of their own theories.
Step 4: Conclusion: The abstract refutes the claim in the scientific news. The rationale in this sentence is: “In accordance with our hypotheses, we found that conspiracist commenters were more likely to argue against the opposing interpretation and less likely to argue in favor of their own interpretation, while the opposite was true of conventionalist commenters."""
5,"Read the following example(s) and answer the question at the end:

Claim: Post-pandemic stress disorder is caused by COVID-19 vaccines.
Abstract: Thrombotic events that frequently occur in COVID-19 are predominantly venous thromboemboli (VTE) and are associated with increasing disease severity and worse clinical outcomes. Distinctive microvascular abnormalities in COVID-19 include endothelial inflammation, disruption of intercellular junctions and microthrombi formation. A distinct COVID-19-associated coagulopathy along with increased cytokines and activation of platelets, endothelium and complement occur in COVID-19, which is more frequent with worsening disease severity. This proinflammatory milieu may result in immunothrombosis, a host defence mechanism that can become dysregulated, leading to excess formation of immunologically mediated thrombi which predominantly affect the microvasculature. The haemostatic and immune systems are intricately linked, and multifactorial processes are likely to contribute to VTE and immunothrombosis in COVID-19. This state-of-the-art review will explore the pathobiological mechanisms of immunothrombosis and VTE in COVID-19 focusing on: COVID-19-associated coagulopathy, pathology, endothelial dysfunction and haemostasis, the immune system and thrombosis, genetic associations and additional thrombotic mechanisms. An understanding of the complex interplay between these processes is necessary for developing and assessing how new treatments affect VTE and immunothrombosis in COVID-19.
Question: Does the abstract of the scientific paper support the claim?

Answer: Step 1: Read the whole abstract and extract information relevant to the question. The abstract discusses the thrombotic events that frequently occur in COVID-19, including venous thromboemboli (VTE) and distinctive microvascular abnormalities. It highlights the distinct COVID-19-associated coagulopathy along with increased cytokines and activation of platelets, endothelium, and complement which are more frequent with worsening disease severity. The text also emphasizes the intricate link between the haemostatic and immune systems and explores the pathobiological mechanisms of immunothrombosis and VTE in COVID-19, focusing on COVID-19-associated coagulopathy, pathology, endothelial dysfunction, and haemostasis, the immune system and thrombosis, genetic associations, and additional thrombotic mechanisms.
Step 2: Identify the relevant statement: “The haemostatic and immune systems are intricately linked, and multifactorial processes are likely to contribute to VTE and immunothrombosis in COVID-19.""
Step 3: Give reasoning to rationalize your decision: The statement underscores the multifaced nature of thrombotic complications in COVID-19, involving interactions between the immune response and hemostatic processes. 
Step 4: Conclusion: The abstract refutes the claim in the scientific news. The rationale in this sentence is: “The haemostatic and immune systems are intricately linked, and multifactorial processes are likely to contribute to VTE and immunothrombosis in COVID-19.""

Claim: 3D-printed Sarco capsules for assisted suicides, which can be activated from the inside by the person intending to die, have been approved under Swiss law.
Abstract: Assisting suicide is legal in Switzerland if it is offered without selfish motive to a person with decision-making capacity. Although the 'Swiss model' for suicide assistance has been extensively described in the literature, the formally and informally protected liberties and claims of assistors and recipients of suicide assistance in Switzerland are incompletely captured in the literature. In this article, we describe the package of rights involved in the 'Swiss model' using the framework of Hohfeldian rights as modified by Wenar. After outlining this framework, we dissect the rights involved in suicide assistance in Switzerland, and compare it with the situation in England and Germany. Based on this approach, we conclude that in Switzerland, claim rights exist for those requesting suicide assistance, and for those who are considering providing such assistance, even though no entitlements exist toward suicide assistance. We then describe the implementation of the 'Swiss model' and difficulties arising within it. Clarifying these issues is important to understand the Swiss situation, to evaluate what features of it may or may not be worth correcting or emulating, and to understand how it can impact requests for suicide assistance in other countries due to 'suicide tourism'. It is also important to understand exactly what sets Switzerland apart from other countries with different legislations regarding suicide assistance.
Question: Does the abstract of the scientific paper support the claim?

Answer: Step 1: Read the whole abstract and extract information relevant to the question. The abstract discusses the legality of assisted suicide in Switzerland, highlighting that it is legal if offered without a selfish motive to a person with decision-making capacity. The article describes the package of rights involved in the 'Swiss model' using a specific framework, and compares the situation in Switzerland with that in England and Germany. It concludes that in Switzerland, claim rights exist for those requesting suicide assistance and for those considering providing such assistance. The text also emphasizes the importance of clarifying these issues to understand the Swiss situation, evaluate its features, and comprehend how it can impact requests for suicide assistance in other countries due to 'suicide tourism'.
Step 2: Identify the relevant statement: “In Switzerland, claim rights exist for those requesting suicide assistance, and for those who are considering providing such assistance, even though no entitlements exist toward suicide assistance.""
Step 3: Give reasoning to rationalize your decision: The statement underscores that while individuals have the right to request and consider suicide assistance, the actual provision of such assistance is not guaranteed and is subject to specific conditions and legal frameworks in Switzerland.
Step 4: Conclusion: The abstract refutes the claim in the scientific news. The rationale in this sentence is: “In Switzerland, claim rights exist for those requesting suicide assistance, and for those who are considering providing such assistance, even though no entitlements exist toward suicide assistance.""

Claim: Evidence shows that U.S. schoolchildren are self-identifying as animals and disrupting classrooms
Abstract: The term furry describes a diverse community of fans, artists, writers, gamers, and role players. Most furries create for themselves an anthropomorphized animal character (fursona) with whom they identify and can function as an avatar within the community. Some furries wear elaborate costumes (called fursuits) or paraphernalia such as animal ears or tails, or represent themselves as anthropomorphic animals in online communities such as Second Life. Furry fandom is an inclusive term that describes the community of furries that span online, local, and international settings. The furry fandom is global, with hundreds of local groups existing worldwide and dozens of conventions held annually. A small subset of furries (~10%), called therians, believe they are spiritually connected to animals, are less than (or more than) 100% human, are an animal trapped in a human body, or were an animal in a former life. Otherkin, like therians, feel spiritually connected to non-human species, but the species extend to mystical species, e.g., dragons, griffons, and minotaurs. More than 75% of furries are under the age of 25. Approximately 84% of furries identify as male, 13% female, and 2.5% are transgender. Furries are predominantly (83.2%) white. Approximately one-third identify as exclusively heterosexual; furries are about five times more likely to identify as exclusively homosexual than the general population. Nearly 60% of the furry fandom reports part-time or full-time enrollment in post-secondary education.
Question: Does the abstract of the scientific paper support the claim?

Answer: Step 1: Read the whole abstract and extract information relevant to the question. The furry community is diverse, including fans, artists, writers, gamers, and role players. Most furries create anthropomorphized animal characters called fursonas. Some wear elaborate costumes or paraphernalia and engage with online communities like Second Life. The community is global, with local groups and annual conventions. A subset of furries called therians and otherkin feel spiritually connected to animals, and the majority of furries are under 25 years old. The community is predominantly male and white, with a significant portion enrolled in post-secondary education.
Step 2: Identify the relevant statement: A small subset of furries (~10%), called therians, believe they are spiritually connected to animals, are less than (or more than) 100% human, are an animal trapped in a human body, or were an animal in a former life.
Step 3: Give reasoning to rationalize your decision: A subset of individuals within the furry community who identify as therians and feel spiritually connected to animals, but it does not specifically address U.S. schoolchildren or their behavior in classrooms.
Step 4: Conclusion: The abstract refutes the claim in the scientific news. The rationale is this sentence: “A small subset of furries (~10%), called therians, believe they are spiritually connected to animals, are less than (or more than) 100% human, are an animal trapped in a human body, or were an animal in a former life.”

Claim: COVID-19 test swabs touch the brain or bruise the amygdala to make people submissive
Abstract: Based on a study of mummies, skeletons, burial rites, medical instruments, medicaments, literature and objets d'art from Ancient Egypt before the Hellenistic Period, the understanding of the eye, its diseases and their treatment at that time is described. Magic spells, religious rites and medical treatments, especially with eye ointments, were probably used often complementary to one another. We must be very cautious about our conclusions in regard to the effectiveness of the treatments. Eye diseases have been depicted only exceptionally in Egyptian art, except for blindness and 'symbolic blindness'.
Question: Does the abstract of the scientific paper support the claim?

Answer: Step 1: Read the whole abstract and extract information relevant to the question. The abstract discusses the understanding of the eye, its diseases, and its treatment in Ancient Egypt before the Hellenistic Period. It mentions the study of mummies, burial rites, medical instruments, medicaments, literature, and objets d'art as sources of information. Magic spells, religious rites, and medical treatments, including eye ointments, were likely used in combination. The text also emphasizes the need for caution when drawing conclusions about the effectiveness of the treatments. Additionally, it notes that eye diseases were rarely depicted in Egyptian art, except for blindness and symbolic blindness.
Step 2: Identify the relevant statement: “Magic spells, religious rites and medical treatments, especially with eye ointments, were probably used often complementary to one another.""
Step 3: Give reasoning to rationalize your decision: This holistic approach involving magic, religious rites, and medical treatments contrasts with any claim that ancient Egyptian eye treatments were solely based on empirical medical practices or modern scientific principles. 
Step 4: Conclusion: The abstract refutes the claim in the scientific news. The rationale in this sentence is: “Magic spells, religious rites, and medical treatments, especially with eye ointments, were probably used often complementary to one another.""

Read the claim and abstract and answer the question by mimicking the process previously outlined.

Claim: The perception of event timing explains the belief of psychic abilities.
Abstract: Do people know when, or whether, they have made a conscious choice? Here, we explore the possibility that choices can seem to occur before they are actually made. In two studies, participants were asked to quickly choose from a set of options before a randomly selected option was made salient. Even when they believed that they had made their decision prior to this event, participants were significantly more likely than chance to report choosing the salient option when this option was made salient soon after the perceived time of choice. Thus, without participants' awareness, a seemingly later event influenced choices that were experienced as occurring at an earlier time. These findings suggest that, like certain low-level perceptual experiences, the experience of choice is susceptible to postdictive influence and that people may systematically overestimate the role that consciousness plays in their chosen behavior.
Question: Does the abstract of the scientific paper support the claim?

","Answer: Step 1: Read the whole abstract and extract information relevant to the question. The abstract discusses the possibility that choices can seem to occur before they are actually made. In the study, participants were asked to quickly choose from a set of options before a randomly selected option was made salient. The results showed that participants were more likely to report choosing the salient option when this option was made salient soon after the perceived time of choice, suggesting that a seemingly later event influenced choices that were experienced as occurring at an earlier time. The findings suggest that the experience of choice is susceptible to postdictive influence and that people may systematically overestimate the role that consciousness plays in their chosen behavior.
Step 2: Identify the relevant statement: “These findings suggest that, like certain low-level perceptual experiences, the experience of choice is susceptible to postdictive influence and that people may systematically overestimate the role that consciousness plays in their chosen behavior.""
Step 3: Give reasoning to rationalize your decision: The statement suggests that people's perception of when they made a choice can be influenced by events that occur after the choice is made, leading them to overestimate the role of consciousness in their decisions. However, it does not specifically address the belief in psychic abilities.
Step 4: Conclusion: The abstract refutes the claim in the scientific news. The rationale in this sentence is: “These findings suggest that, like certain low-level perceptual experiences, the experience of choice is susceptible to postdictive influence and that people may systematically overestimate the role that consciousness plays in their chosen behavior."""
6,"Read the following example(s) and answer the question at the end:

Claim: Post-pandemic stress disorder is caused by COVID-19 vaccines.
Abstract: Thrombotic events that frequently occur in COVID-19 are predominantly venous thromboemboli (VTE) and are associated with increasing disease severity and worse clinical outcomes. Distinctive microvascular abnormalities in COVID-19 include endothelial inflammation, disruption of intercellular junctions and microthrombi formation. A distinct COVID-19-associated coagulopathy along with increased cytokines and activation of platelets, endothelium and complement occur in COVID-19, which is more frequent with worsening disease severity. This proinflammatory milieu may result in immunothrombosis, a host defence mechanism that can become dysregulated, leading to excess formation of immunologically mediated thrombi which predominantly affect the microvasculature. The haemostatic and immune systems are intricately linked, and multifactorial processes are likely to contribute to VTE and immunothrombosis in COVID-19. This state-of-the-art review will explore the pathobiological mechanisms of immunothrombosis and VTE in COVID-19 focusing on: COVID-19-associated coagulopathy, pathology, endothelial dysfunction and haemostasis, the immune system and thrombosis, genetic associations and additional thrombotic mechanisms. An understanding of the complex interplay between these processes is necessary for developing and assessing how new treatments affect VTE and immunothrombosis in COVID-19.
Question: Does the abstract of the scientific paper support the claim?

Answer: Step 1: Read the whole abstract and extract information relevant to the question. The abstract discusses the thrombotic events that frequently occur in COVID-19, including venous thromboemboli (VTE) and distinctive microvascular abnormalities. It highlights the distinct COVID-19-associated coagulopathy along with increased cytokines and activation of platelets, endothelium, and complement which are more frequent with worsening disease severity. The text also emphasizes the intricate link between the haemostatic and immune systems and explores the pathobiological mechanisms of immunothrombosis and VTE in COVID-19, focusing on COVID-19-associated coagulopathy, pathology, endothelial dysfunction, and haemostasis, the immune system and thrombosis, genetic associations, and additional thrombotic mechanisms.
Step 2: Identify the relevant statement: “The haemostatic and immune systems are intricately linked, and multifactorial processes are likely to contribute to VTE and immunothrombosis in COVID-19.""
Step 3: Give reasoning to rationalize your decision: The statement underscores the multifaced nature of thrombotic complications in COVID-19, involving interactions between the immune response and hemostatic processes. 
Step 4: Conclusion: The abstract refutes the claim in the scientific news. The rationale in this sentence is: “The haemostatic and immune systems are intricately linked, and multifactorial processes are likely to contribute to VTE and immunothrombosis in COVID-19.""

Claim: 3D-printed Sarco capsules for assisted suicides, which can be activated from the inside by the person intending to die, have been approved under Swiss law.
Abstract: Assisting suicide is legal in Switzerland if it is offered without selfish motive to a person with decision-making capacity. Although the 'Swiss model' for suicide assistance has been extensively described in the literature, the formally and informally protected liberties and claims of assistors and recipients of suicide assistance in Switzerland are incompletely captured in the literature. In this article, we describe the package of rights involved in the 'Swiss model' using the framework of Hohfeldian rights as modified by Wenar. After outlining this framework, we dissect the rights involved in suicide assistance in Switzerland, and compare it with the situation in England and Germany. Based on this approach, we conclude that in Switzerland, claim rights exist for those requesting suicide assistance, and for those who are considering providing such assistance, even though no entitlements exist toward suicide assistance. We then describe the implementation of the 'Swiss model' and difficulties arising within it. Clarifying these issues is important to understand the Swiss situation, to evaluate what features of it may or may not be worth correcting or emulating, and to understand how it can impact requests for suicide assistance in other countries due to 'suicide tourism'. It is also important to understand exactly what sets Switzerland apart from other countries with different legislations regarding suicide assistance.
Question: Does the abstract of the scientific paper support the claim?

Answer: Step 1: Read the whole abstract and extract information relevant to the question. The abstract discusses the legality of assisted suicide in Switzerland, highlighting that it is legal if offered without a selfish motive to a person with decision-making capacity. The article describes the package of rights involved in the 'Swiss model' using a specific framework, and compares the situation in Switzerland with that in England and Germany. It concludes that in Switzerland, claim rights exist for those requesting suicide assistance and for those considering providing such assistance. The text also emphasizes the importance of clarifying these issues to understand the Swiss situation, evaluate its features, and comprehend how it can impact requests for suicide assistance in other countries due to 'suicide tourism'.
Step 2: Identify the relevant statement: “In Switzerland, claim rights exist for those requesting suicide assistance, and for those who are considering providing such assistance, even though no entitlements exist toward suicide assistance.""
Step 3: Give reasoning to rationalize your decision: The statement underscores that while individuals have the right to request and consider suicide assistance, the actual provision of such assistance is not guaranteed and is subject to specific conditions and legal frameworks in Switzerland.
Step 4: Conclusion: The abstract refutes the claim in the scientific news. The rationale in this sentence is: “In Switzerland, claim rights exist for those requesting suicide assistance, and for those who are considering providing such assistance, even though no entitlements exist toward suicide assistance.""

Claim: Evidence shows that U.S. schoolchildren are self-identifying as animals and disrupting classrooms
Abstract: The term furry describes a diverse community of fans, artists, writers, gamers, and role players. Most furries create for themselves an anthropomorphized animal character (fursona) with whom they identify and can function as an avatar within the community. Some furries wear elaborate costumes (called fursuits) or paraphernalia such as animal ears or tails, or represent themselves as anthropomorphic animals in online communities such as Second Life. Furry fandom is an inclusive term that describes the community of furries that span online, local, and international settings. The furry fandom is global, with hundreds of local groups existing worldwide and dozens of conventions held annually. A small subset of furries (~10%), called therians, believe they are spiritually connected to animals, are less than (or more than) 100% human, are an animal trapped in a human body, or were an animal in a former life. Otherkin, like therians, feel spiritually connected to non-human species, but the species extend to mystical species, e.g., dragons, griffons, and minotaurs. More than 75% of furries are under the age of 25. Approximately 84% of furries identify as male, 13% female, and 2.5% are transgender. Furries are predominantly (83.2%) white. Approximately one-third identify as exclusively heterosexual; furries are about five times more likely to identify as exclusively homosexual than the general population. Nearly 60% of the furry fandom reports part-time or full-time enrollment in post-secondary education.
Question: Does the abstract of the scientific paper support the claim?

Answer: Step 1: Read the whole abstract and extract information relevant to the question. The furry community is diverse, including fans, artists, writers, gamers, and role players. Most furries create anthropomorphized animal characters called fursonas. Some wear elaborate costumes or paraphernalia and engage with online communities like Second Life. The community is global, with local groups and annual conventions. A subset of furries called therians and otherkin feel spiritually connected to animals, and the majority of furries are under 25 years old. The community is predominantly male and white, with a significant portion enrolled in post-secondary education.
Step 2: Identify the relevant statement: A small subset of furries (~10%), called therians, believe they are spiritually connected to animals, are less than (or more than) 100% human, are an animal trapped in a human body, or were an animal in a former life.
Step 3: Give reasoning to rationalize your decision: A subset of individuals within the furry community who identify as therians and feel spiritually connected to animals, but it does not specifically address U.S. schoolchildren or their behavior in classrooms.
Step 4: Conclusion: The abstract refutes the claim in the scientific news. The rationale is this sentence: “A small subset of furries (~10%), called therians, believe they are spiritually connected to animals, are less than (or more than) 100% human, are an animal trapped in a human body, or were an animal in a former life.”

Claim: COVID-19 test swabs touch the brain or bruise the amygdala to make people submissive
Abstract: Based on a study of mummies, skeletons, burial rites, medical instruments, medicaments, literature and objets d'art from Ancient Egypt before the Hellenistic Period, the understanding of the eye, its diseases and their treatment at that time is described. Magic spells, religious rites and medical treatments, especially with eye ointments, were probably used often complementary to one another. We must be very cautious about our conclusions in regard to the effectiveness of the treatments. Eye diseases have been depicted only exceptionally in Egyptian art, except for blindness and 'symbolic blindness'.
Question: Does the abstract of the scientific paper support the claim?

Answer: Step 1: Read the whole abstract and extract information relevant to the question. The abstract discusses the understanding of the eye, its diseases, and its treatment in Ancient Egypt before the Hellenistic Period. It mentions the study of mummies, burial rites, medical instruments, medicaments, literature, and objets d'art as sources of information. Magic spells, religious rites, and medical treatments, including eye ointments, were likely used in combination. The text also emphasizes the need for caution when drawing conclusions about the effectiveness of the treatments. Additionally, it notes that eye diseases were rarely depicted in Egyptian art, except for blindness and symbolic blindness.
Step 2: Identify the relevant statement: “Magic spells, religious rites and medical treatments, especially with eye ointments, were probably used often complementary to one another.""
Step 3: Give reasoning to rationalize your decision: This holistic approach involving magic, religious rites, and medical treatments contrasts with any claim that ancient Egyptian eye treatments were solely based on empirical medical practices or modern scientific principles. 
Step 4: Conclusion: The abstract refutes the claim in the scientific news. The rationale in this sentence is: “Magic spells, religious rites, and medical treatments, especially with eye ointments, were probably used often complementary to one another.""

Read the claim and abstract and answer the question by mimicking the process previously outlined.

Claim: Not All Ancient Fishers Were Men
Abstract: Discovery and analysis of 43 pearl oyster (Pinctada mazatlanica) artifacts and associated shell-processing tools from middle and basal levels of Covacha Babisuri, a rock shelter on Esp√≠ritu Santo Island, Baja California Sur, provide evidence of Early and Middle Holocene fishhook production along the southern Gulf of California coast. AMS 14C analysis of a fishhook preform recovered from the lowest stratum of the rock shelter returned a date of 8380 ¬± 50 RCYBP (Beta-236254), or 8750-8500 cal BP, with a reservoir effect of 250 ¬± 20 years, making this artifact one of the earliest known examples of a shell fishhook in the world. An additional pearl oyster artifact was found in a deeper level dating closer to 10,000 RCYBP, suggesting that this type of fishhook may date to this earlier period.
Question: Does the abstract of the scientific paper support the claim?

","Answer: Step 1: Read the whole abstract and extract information relevant to the question. The abstract discusses the discovery and analysis of pearl oyster artifacts and associated shell-processing tools from Covacha Babisuri, a rock shelter on Espíritu Santo Island, Baja California Sur. These artifacts provide evidence of Early and Middle Holocene fishhook production along the southern Gulf of California coast. One of the artifacts, a fishhook preform, is one of the earliest known examples of a shell fishhook in the world, dating back to 8750-8500 cal BP. Another pearl oyster artifact was found in a deeper level dating closer to 10,000 RCYBP, suggesting that this type of fishhook may date to this earlier period.
Step 2: Identify the relevant statement: There is no statement in the abstract that directly addresses the claim.
Step 3: Give reasoning to rationalize your decision: The abstract provides information about the age and origin of certain fishhook artifacts, but it does not provide any information about the gender of the individuals who made or used these fishhooks.
Step 4: Conclusion: The abstract does not support the claim in the scientific news. The rationale is that the abstract does not provide any information about the gender of the individuals who made or used these fishhooks."
7,"Read the following example(s) and answer the question at the end:

Claim: Post-pandemic stress disorder is caused by COVID-19 vaccines.
Abstract: Thrombotic events that frequently occur in COVID-19 are predominantly venous thromboemboli (VTE) and are associated with increasing disease severity and worse clinical outcomes. Distinctive microvascular abnormalities in COVID-19 include endothelial inflammation, disruption of intercellular junctions and microthrombi formation. A distinct COVID-19-associated coagulopathy along with increased cytokines and activation of platelets, endothelium and complement occur in COVID-19, which is more frequent with worsening disease severity. This proinflammatory milieu may result in immunothrombosis, a host defence mechanism that can become dysregulated, leading to excess formation of immunologically mediated thrombi which predominantly affect the microvasculature. The haemostatic and immune systems are intricately linked, and multifactorial processes are likely to contribute to VTE and immunothrombosis in COVID-19. This state-of-the-art review will explore the pathobiological mechanisms of immunothrombosis and VTE in COVID-19 focusing on: COVID-19-associated coagulopathy, pathology, endothelial dysfunction and haemostasis, the immune system and thrombosis, genetic associations and additional thrombotic mechanisms. An understanding of the complex interplay between these processes is necessary for developing and assessing how new treatments affect VTE and immunothrombosis in COVID-19.
Question: Does the abstract of the scientific paper support the claim?

Answer: Step 1: Read the whole abstract and extract information relevant to the question. The abstract discusses the thrombotic events that frequently occur in COVID-19, including venous thromboemboli (VTE) and distinctive microvascular abnormalities. It highlights the distinct COVID-19-associated coagulopathy along with increased cytokines and activation of platelets, endothelium, and complement which are more frequent with worsening disease severity. The text also emphasizes the intricate link between the haemostatic and immune systems and explores the pathobiological mechanisms of immunothrombosis and VTE in COVID-19, focusing on COVID-19-associated coagulopathy, pathology, endothelial dysfunction, and haemostasis, the immune system and thrombosis, genetic associations, and additional thrombotic mechanisms.
Step 2: Identify the relevant statement: “The haemostatic and immune systems are intricately linked, and multifactorial processes are likely to contribute to VTE and immunothrombosis in COVID-19.""
Step 3: Give reasoning to rationalize your decision: The statement underscores the multifaced nature of thrombotic complications in COVID-19, involving interactions between the immune response and hemostatic processes. 
Step 4: Conclusion: The abstract refutes the claim in the scientific news. The rationale in this sentence is: “The haemostatic and immune systems are intricately linked, and multifactorial processes are likely to contribute to VTE and immunothrombosis in COVID-19.""

Claim: 3D-printed Sarco capsules for assisted suicides, which can be activated from the inside by the person intending to die, have been approved under Swiss law.
Abstract: Assisting suicide is legal in Switzerland if it is offered without selfish motive to a person with decision-making capacity. Although the 'Swiss model' for suicide assistance has been extensively described in the literature, the formally and informally protected liberties and claims of assistors and recipients of suicide assistance in Switzerland are incompletely captured in the literature. In this article, we describe the package of rights involved in the 'Swiss model' using the framework of Hohfeldian rights as modified by Wenar. After outlining this framework, we dissect the rights involved in suicide assistance in Switzerland, and compare it with the situation in England and Germany. Based on this approach, we conclude that in Switzerland, claim rights exist for those requesting suicide assistance, and for those who are considering providing such assistance, even though no entitlements exist toward suicide assistance. We then describe the implementation of the 'Swiss model' and difficulties arising within it. Clarifying these issues is important to understand the Swiss situation, to evaluate what features of it may or may not be worth correcting or emulating, and to understand how it can impact requests for suicide assistance in other countries due to 'suicide tourism'. It is also important to understand exactly what sets Switzerland apart from other countries with different legislations regarding suicide assistance.
Question: Does the abstract of the scientific paper support the claim?

Answer: Step 1: Read the whole abstract and extract information relevant to the question. The abstract discusses the legality of assisted suicide in Switzerland, highlighting that it is legal if offered without a selfish motive to a person with decision-making capacity. The article describes the package of rights involved in the 'Swiss model' using a specific framework, and compares the situation in Switzerland with that in England and Germany. It concludes that in Switzerland, claim rights exist for those requesting suicide assistance and for those considering providing such assistance. The text also emphasizes the importance of clarifying these issues to understand the Swiss situation, evaluate its features, and comprehend how it can impact requests for suicide assistance in other countries due to 'suicide tourism'.
Step 2: Identify the relevant statement: “In Switzerland, claim rights exist for those requesting suicide assistance, and for those who are considering providing such assistance, even though no entitlements exist toward suicide assistance.""
Step 3: Give reasoning to rationalize your decision: The statement underscores that while individuals have the right to request and consider suicide assistance, the actual provision of such assistance is not guaranteed and is subject to specific conditions and legal frameworks in Switzerland.
Step 4: Conclusion: The abstract refutes the claim in the scientific news. The rationale in this sentence is: “In Switzerland, claim rights exist for those requesting suicide assistance, and for those who are considering providing such assistance, even though no entitlements exist toward suicide assistance.""

Claim: Evidence shows that U.S. schoolchildren are self-identifying as animals and disrupting classrooms
Abstract: The term furry describes a diverse community of fans, artists, writers, gamers, and role players. Most furries create for themselves an anthropomorphized animal character (fursona) with whom they identify and can function as an avatar within the community. Some furries wear elaborate costumes (called fursuits) or paraphernalia such as animal ears or tails, or represent themselves as anthropomorphic animals in online communities such as Second Life. Furry fandom is an inclusive term that describes the community of furries that span online, local, and international settings. The furry fandom is global, with hundreds of local groups existing worldwide and dozens of conventions held annually. A small subset of furries (~10%), called therians, believe they are spiritually connected to animals, are less than (or more than) 100% human, are an animal trapped in a human body, or were an animal in a former life. Otherkin, like therians, feel spiritually connected to non-human species, but the species extend to mystical species, e.g., dragons, griffons, and minotaurs. More than 75% of furries are under the age of 25. Approximately 84% of furries identify as male, 13% female, and 2.5% are transgender. Furries are predominantly (83.2%) white. Approximately one-third identify as exclusively heterosexual; furries are about five times more likely to identify as exclusively homosexual than the general population. Nearly 60% of the furry fandom reports part-time or full-time enrollment in post-secondary education.
Question: Does the abstract of the scientific paper support the claim?

Answer: Step 1: Read the whole abstract and extract information relevant to the question. The furry community is diverse, including fans, artists, writers, gamers, and role players. Most furries create anthropomorphized animal characters called fursonas. Some wear elaborate costumes or paraphernalia and engage with online communities like Second Life. The community is global, with local groups and annual conventions. A subset of furries called therians and otherkin feel spiritually connected to animals, and the majority of furries are under 25 years old. The community is predominantly male and white, with a significant portion enrolled in post-secondary education.
Step 2: Identify the relevant statement: A small subset of furries (~10%), called therians, believe they are spiritually connected to animals, are less than (or more than) 100% human, are an animal trapped in a human body, or were an animal in a former life.
Step 3: Give reasoning to rationalize your decision: A subset of individuals within the furry community who identify as therians and feel spiritually connected to animals, but it does not specifically address U.S. schoolchildren or their behavior in classrooms.
Step 4: Conclusion: The abstract refutes the claim in the scientific news. The rationale is this sentence: “A small subset of furries (~10%), called therians, believe they are spiritually connected to animals, are less than (or more than) 100% human, are an animal trapped in a human body, or were an animal in a former life.”

Claim: COVID-19 test swabs touch the brain or bruise the amygdala to make people submissive
Abstract: Based on a study of mummies, skeletons, burial rites, medical instruments, medicaments, literature and objets d'art from Ancient Egypt before the Hellenistic Period, the understanding of the eye, its diseases and their treatment at that time is described. Magic spells, religious rites and medical treatments, especially with eye ointments, were probably used often complementary to one another. We must be very cautious about our conclusions in regard to the effectiveness of the treatments. Eye diseases have been depicted only exceptionally in Egyptian art, except for blindness and 'symbolic blindness'.
Question: Does the abstract of the scientific paper support the claim?

Answer: Step 1: Read the whole abstract and extract information relevant to the question. The abstract discusses the understanding of the eye, its diseases, and its treatment in Ancient Egypt before the Hellenistic Period. It mentions the study of mummies, burial rites, medical instruments, medicaments, literature, and objets d'art as sources of information. Magic spells, religious rites, and medical treatments, including eye ointments, were likely used in combination. The text also emphasizes the need for caution when drawing conclusions about the effectiveness of the treatments. Additionally, it notes that eye diseases were rarely depicted in Egyptian art, except for blindness and symbolic blindness.
Step 2: Identify the relevant statement: “Magic spells, religious rites and medical treatments, especially with eye ointments, were probably used often complementary to one another.""
Step 3: Give reasoning to rationalize your decision: This holistic approach involving magic, religious rites, and medical treatments contrasts with any claim that ancient Egyptian eye treatments were solely based on empirical medical practices or modern scientific principles. 
Step 4: Conclusion: The abstract refutes the claim in the scientific news. The rationale in this sentence is: “Magic spells, religious rites, and medical treatments, especially with eye ointments, were probably used often complementary to one another.""

Read the claim and abstract and answer the question by mimicking the process previously outlined.

Claim: Hand sanitizer can invalidate breath alcohol test results.
Abstract: This study was undertaken to determine if the application of alcohol-based hand sanitizers (ABHSs) to the hands of a breath test operator will affect the results obtained on evidential breath alcohol instruments (EBTs). This study obtained breath samples on three different EBTs immediately after application of either gel or foam ABHS to the operator's hands. A small, but significant, number of initial analyses (13 of 130, 10%) resulted in positive breath alcohol concentrations, while 41 samples (31.5%) resulted in a status code. These status codes were caused by ethanol vapors either in the room air or their inhalation by the subject, thereby causing a mouth alcohol effect. Replicate subject samples did not yield any consecutive positive numeric results. As ABHS application can cause a transitory mouth alcohol effect via inhalation of ABHS vapors, EBT operators should forego the use of ABHS in the 15 min preceding subject testing.
Question: Does the abstract of the scientific paper support the claim?

","Answer: Step 1: Read the whole abstract and extract information relevant to the question. The abstract discusses a study that was conducted to determine if the application of alcohol-based hand sanitizers (ABHSs) to the hands of a breath test operator will affect the results obtained on evidential breath alcohol instruments (EBTs). The study found that a small but significant number of initial analyses resulted in positive breath alcohol concentrations, while a larger number resulted in a status code. These status codes were caused by ethanol vapors either in the room air or their inhalation by the subject, thereby causing a mouth alcohol effect. The study concludes that EBT operators should forego the use of ABHS in the 15 min preceding subject testing.
Step 2: Identify the relevant statement: “As ABHS application can cause a transitory mouth alcohol effect via inhalation of ABHS vapors, EBT operators should forego the use of ABHS in the 15 min preceding subject testing.""
Step 3: Give reasoning to rationalize your decision: The statement underscores that the application of ABHS can cause a temporary mouth alcohol effect due to the inhalation of ABHS vapors, which can affect the results of a breath alcohol test.
Step 4: Conclusion: The abstract supports the claim in the scientific news. The rationale in this sentence is: “As ABHS application can cause a transitory mouth alcohol effect via inhalation of ABHS vapors, EBT operators should forego the use of ABHS in the 15 min preceding subject testing."""
8,"Read the following example(s) and answer the question at the end:

Claim: Post-pandemic stress disorder is caused by COVID-19 vaccines.
Abstract: Thrombotic events that frequently occur in COVID-19 are predominantly venous thromboemboli (VTE) and are associated with increasing disease severity and worse clinical outcomes. Distinctive microvascular abnormalities in COVID-19 include endothelial inflammation, disruption of intercellular junctions and microthrombi formation. A distinct COVID-19-associated coagulopathy along with increased cytokines and activation of platelets, endothelium and complement occur in COVID-19, which is more frequent with worsening disease severity. This proinflammatory milieu may result in immunothrombosis, a host defence mechanism that can become dysregulated, leading to excess formation of immunologically mediated thrombi which predominantly affect the microvasculature. The haemostatic and immune systems are intricately linked, and multifactorial processes are likely to contribute to VTE and immunothrombosis in COVID-19. This state-of-the-art review will explore the pathobiological mechanisms of immunothrombosis and VTE in COVID-19 focusing on: COVID-19-associated coagulopathy, pathology, endothelial dysfunction and haemostasis, the immune system and thrombosis, genetic associations and additional thrombotic mechanisms. An understanding of the complex interplay between these processes is necessary for developing and assessing how new treatments affect VTE and immunothrombosis in COVID-19.
Question: Does the abstract of the scientific paper support the claim?

Answer: Step 1: Read the whole abstract and extract information relevant to the question. The abstract discusses the thrombotic events that frequently occur in COVID-19, including venous thromboemboli (VTE) and distinctive microvascular abnormalities. It highlights the distinct COVID-19-associated coagulopathy along with increased cytokines and activation of platelets, endothelium, and complement which are more frequent with worsening disease severity. The text also emphasizes the intricate link between the haemostatic and immune systems and explores the pathobiological mechanisms of immunothrombosis and VTE in COVID-19, focusing on COVID-19-associated coagulopathy, pathology, endothelial dysfunction, and haemostasis, the immune system and thrombosis, genetic associations, and additional thrombotic mechanisms.
Step 2: Identify the relevant statement: “The haemostatic and immune systems are intricately linked, and multifactorial processes are likely to contribute to VTE and immunothrombosis in COVID-19.""
Step 3: Give reasoning to rationalize your decision: The statement underscores the multifaced nature of thrombotic complications in COVID-19, involving interactions between the immune response and hemostatic processes. 
Step 4: Conclusion: The abstract refutes the claim in the scientific news. The rationale in this sentence is: “The haemostatic and immune systems are intricately linked, and multifactorial processes are likely to contribute to VTE and immunothrombosis in COVID-19.""

Claim: 3D-printed Sarco capsules for assisted suicides, which can be activated from the inside by the person intending to die, have been approved under Swiss law.
Abstract: Assisting suicide is legal in Switzerland if it is offered without selfish motive to a person with decision-making capacity. Although the 'Swiss model' for suicide assistance has been extensively described in the literature, the formally and informally protected liberties and claims of assistors and recipients of suicide assistance in Switzerland are incompletely captured in the literature. In this article, we describe the package of rights involved in the 'Swiss model' using the framework of Hohfeldian rights as modified by Wenar. After outlining this framework, we dissect the rights involved in suicide assistance in Switzerland, and compare it with the situation in England and Germany. Based on this approach, we conclude that in Switzerland, claim rights exist for those requesting suicide assistance, and for those who are considering providing such assistance, even though no entitlements exist toward suicide assistance. We then describe the implementation of the 'Swiss model' and difficulties arising within it. Clarifying these issues is important to understand the Swiss situation, to evaluate what features of it may or may not be worth correcting or emulating, and to understand how it can impact requests for suicide assistance in other countries due to 'suicide tourism'. It is also important to understand exactly what sets Switzerland apart from other countries with different legislations regarding suicide assistance.
Question: Does the abstract of the scientific paper support the claim?

Answer: Step 1: Read the whole abstract and extract information relevant to the question. The abstract discusses the legality of assisted suicide in Switzerland, highlighting that it is legal if offered without a selfish motive to a person with decision-making capacity. The article describes the package of rights involved in the 'Swiss model' using a specific framework, and compares the situation in Switzerland with that in England and Germany. It concludes that in Switzerland, claim rights exist for those requesting suicide assistance and for those considering providing such assistance. The text also emphasizes the importance of clarifying these issues to understand the Swiss situation, evaluate its features, and comprehend how it can impact requests for suicide assistance in other countries due to 'suicide tourism'.
Step 2: Identify the relevant statement: “In Switzerland, claim rights exist for those requesting suicide assistance, and for those who are considering providing such assistance, even though no entitlements exist toward suicide assistance.""
Step 3: Give reasoning to rationalize your decision: The statement underscores that while individuals have the right to request and consider suicide assistance, the actual provision of such assistance is not guaranteed and is subject to specific conditions and legal frameworks in Switzerland.
Step 4: Conclusion: The abstract refutes the claim in the scientific news. The rationale in this sentence is: “In Switzerland, claim rights exist for those requesting suicide assistance, and for those who are considering providing such assistance, even though no entitlements exist toward suicide assistance.""

Claim: Evidence shows that U.S. schoolchildren are self-identifying as animals and disrupting classrooms
Abstract: The term furry describes a diverse community of fans, artists, writers, gamers, and role players. Most furries create for themselves an anthropomorphized animal character (fursona) with whom they identify and can function as an avatar within the community. Some furries wear elaborate costumes (called fursuits) or paraphernalia such as animal ears or tails, or represent themselves as anthropomorphic animals in online communities such as Second Life. Furry fandom is an inclusive term that describes the community of furries that span online, local, and international settings. The furry fandom is global, with hundreds of local groups existing worldwide and dozens of conventions held annually. A small subset of furries (~10%), called therians, believe they are spiritually connected to animals, are less than (or more than) 100% human, are an animal trapped in a human body, or were an animal in a former life. Otherkin, like therians, feel spiritually connected to non-human species, but the species extend to mystical species, e.g., dragons, griffons, and minotaurs. More than 75% of furries are under the age of 25. Approximately 84% of furries identify as male, 13% female, and 2.5% are transgender. Furries are predominantly (83.2%) white. Approximately one-third identify as exclusively heterosexual; furries are about five times more likely to identify as exclusively homosexual than the general population. Nearly 60% of the furry fandom reports part-time or full-time enrollment in post-secondary education.
Question: Does the abstract of the scientific paper support the claim?

Answer: Step 1: Read the whole abstract and extract information relevant to the question. The furry community is diverse, including fans, artists, writers, gamers, and role players. Most furries create anthropomorphized animal characters called fursonas. Some wear elaborate costumes or paraphernalia and engage with online communities like Second Life. The community is global, with local groups and annual conventions. A subset of furries called therians and otherkin feel spiritually connected to animals, and the majority of furries are under 25 years old. The community is predominantly male and white, with a significant portion enrolled in post-secondary education.
Step 2: Identify the relevant statement: A small subset of furries (~10%), called therians, believe they are spiritually connected to animals, are less than (or more than) 100% human, are an animal trapped in a human body, or were an animal in a former life.
Step 3: Give reasoning to rationalize your decision: A subset of individuals within the furry community who identify as therians and feel spiritually connected to animals, but it does not specifically address U.S. schoolchildren or their behavior in classrooms.
Step 4: Conclusion: The abstract refutes the claim in the scientific news. The rationale is this sentence: “A small subset of furries (~10%), called therians, believe they are spiritually connected to animals, are less than (or more than) 100% human, are an animal trapped in a human body, or were an animal in a former life.”

Claim: COVID-19 test swabs touch the brain or bruise the amygdala to make people submissive
Abstract: Based on a study of mummies, skeletons, burial rites, medical instruments, medicaments, literature and objets d'art from Ancient Egypt before the Hellenistic Period, the understanding of the eye, its diseases and their treatment at that time is described. Magic spells, religious rites and medical treatments, especially with eye ointments, were probably used often complementary to one another. We must be very cautious about our conclusions in regard to the effectiveness of the treatments. Eye diseases have been depicted only exceptionally in Egyptian art, except for blindness and 'symbolic blindness'.
Question: Does the abstract of the scientific paper support the claim?

Answer: Step 1: Read the whole abstract and extract information relevant to the question. The abstract discusses the understanding of the eye, its diseases, and its treatment in Ancient Egypt before the Hellenistic Period. It mentions the study of mummies, burial rites, medical instruments, medicaments, literature, and objets d'art as sources of information. Magic spells, religious rites, and medical treatments, including eye ointments, were likely used in combination. The text also emphasizes the need for caution when drawing conclusions about the effectiveness of the treatments. Additionally, it notes that eye diseases were rarely depicted in Egyptian art, except for blindness and symbolic blindness.
Step 2: Identify the relevant statement: “Magic spells, religious rites and medical treatments, especially with eye ointments, were probably used often complementary to one another.""
Step 3: Give reasoning to rationalize your decision: This holistic approach involving magic, religious rites, and medical treatments contrasts with any claim that ancient Egyptian eye treatments were solely based on empirical medical practices or modern scientific principles. 
Step 4: Conclusion: The abstract refutes the claim in the scientific news. The rationale in this sentence is: “Magic spells, religious rites, and medical treatments, especially with eye ointments, were probably used often complementary to one another.""

Read the claim and abstract and answer the question by mimicking the process previously outlined.

Claim: A $75,000 yearly salary is the point at which happiness begins to plateau.
Abstract: Two studies examined how non-interpersonal forgiveness (when there is no social relationship between the transgressor and forgiver) related to coping and involuntary responses to stress, psychological distress, and religiosity. Three to six weeks after September 11th, 2001, forgiveness had non-linear associations with other responses to the terrorist attacks. Among college students (N=488), those who were trying or had forgiven (pro-forgiveness) the terrorists reported less involuntary engagement, more primary and secondary control coping, and more meaning finding than those who were unsure about forgiveness (ambivalent) and those who did not believe the perpetrators should be forgiven (anti-forgiveness). Ambivalent students reported the most distress, even after controlling for religion. Anti-forgiveness students reported less religiosity than ambivalent and pro-forgiveness students. Most findings were consistent among middle schoolers (N=154), particularly regarding psychological distress and responses to stress. Also, forgiveness of strangers for acts against one's community functioned separately from religion.
Question: Does the abstract of the scientific paper support the claim?

","Answer: Step 1: Read the whole abstract and extract information relevant to the question. The abstract discusses two studies examining non-interpersonal forgiveness and its relation to coping and involuntary responses to stress, psychological distress, and religiosity. The studies were conducted in the aftermath of the September 11th, 2001 terrorist attacks. The findings suggest that those who were trying or had forgiven the terrorists reported less involuntary engagement, more primary and secondary control coping, and more meaning finding than those who were unsure about forgiveness or those who did not believe the perpetrators should be forgiven. The abstract also notes that forgiveness of strangers for acts against one's community functioned separately from religion.
Step 2: Identify the relevant statement: There is no relevant statement as the abstract does not discuss salary or happiness.
Step 3: Give reasoning to rationalize your decision: The abstract discusses the concept of non-interpersonal forgiveness and its relation to coping mechanisms, psychological distress, and religiosity. It does not mention or discuss the concept of happiness or its relation to salary.
Step 4: Conclusion: The abstract does not support the claim in the scientific news. The rationale is that the abstract does not discuss or mention the concept of happiness or its relation to salary."
9,"Read the following example(s) and answer the question at the end:

Claim: Post-pandemic stress disorder is caused by COVID-19 vaccines.
Abstract: Thrombotic events that frequently occur in COVID-19 are predominantly venous thromboemboli (VTE) and are associated with increasing disease severity and worse clinical outcomes. Distinctive microvascular abnormalities in COVID-19 include endothelial inflammation, disruption of intercellular junctions and microthrombi formation. A distinct COVID-19-associated coagulopathy along with increased cytokines and activation of platelets, endothelium and complement occur in COVID-19, which is more frequent with worsening disease severity. This proinflammatory milieu may result in immunothrombosis, a host defence mechanism that can become dysregulated, leading to excess formation of immunologically mediated thrombi which predominantly affect the microvasculature. The haemostatic and immune systems are intricately linked, and multifactorial processes are likely to contribute to VTE and immunothrombosis in COVID-19. This state-of-the-art review will explore the pathobiological mechanisms of immunothrombosis and VTE in COVID-19 focusing on: COVID-19-associated coagulopathy, pathology, endothelial dysfunction and haemostasis, the immune system and thrombosis, genetic associations and additional thrombotic mechanisms. An understanding of the complex interplay between these processes is necessary for developing and assessing how new treatments affect VTE and immunothrombosis in COVID-19.
Question: Does the abstract of the scientific paper support the claim?

Answer: Step 1: Read the whole abstract and extract information relevant to the question. The abstract discusses the thrombotic events that frequently occur in COVID-19, including venous thromboemboli (VTE) and distinctive microvascular abnormalities. It highlights the distinct COVID-19-associated coagulopathy along with increased cytokines and activation of platelets, endothelium, and complement which are more frequent with worsening disease severity. The text also emphasizes the intricate link between the haemostatic and immune systems and explores the pathobiological mechanisms of immunothrombosis and VTE in COVID-19, focusing on COVID-19-associated coagulopathy, pathology, endothelial dysfunction, and haemostasis, the immune system and thrombosis, genetic associations, and additional thrombotic mechanisms.
Step 2: Identify the relevant statement: “The haemostatic and immune systems are intricately linked, and multifactorial processes are likely to contribute to VTE and immunothrombosis in COVID-19.""
Step 3: Give reasoning to rationalize your decision: The statement underscores the multifaced nature of thrombotic complications in COVID-19, involving interactions between the immune response and hemostatic processes. 
Step 4: Conclusion: The abstract refutes the claim in the scientific news. The rationale in this sentence is: “The haemostatic and immune systems are intricately linked, and multifactorial processes are likely to contribute to VTE and immunothrombosis in COVID-19.""

Claim: 3D-printed Sarco capsules for assisted suicides, which can be activated from the inside by the person intending to die, have been approved under Swiss law.
Abstract: Assisting suicide is legal in Switzerland if it is offered without selfish motive to a person with decision-making capacity. Although the 'Swiss model' for suicide assistance has been extensively described in the literature, the formally and informally protected liberties and claims of assistors and recipients of suicide assistance in Switzerland are incompletely captured in the literature. In this article, we describe the package of rights involved in the 'Swiss model' using the framework of Hohfeldian rights as modified by Wenar. After outlining this framework, we dissect the rights involved in suicide assistance in Switzerland, and compare it with the situation in England and Germany. Based on this approach, we conclude that in Switzerland, claim rights exist for those requesting suicide assistance, and for those who are considering providing such assistance, even though no entitlements exist toward suicide assistance. We then describe the implementation of the 'Swiss model' and difficulties arising within it. Clarifying these issues is important to understand the Swiss situation, to evaluate what features of it may or may not be worth correcting or emulating, and to understand how it can impact requests for suicide assistance in other countries due to 'suicide tourism'. It is also important to understand exactly what sets Switzerland apart from other countries with different legislations regarding suicide assistance.
Question: Does the abstract of the scientific paper support the claim?

Answer: Step 1: Read the whole abstract and extract information relevant to the question. The abstract discusses the legality of assisted suicide in Switzerland, highlighting that it is legal if offered without a selfish motive to a person with decision-making capacity. The article describes the package of rights involved in the 'Swiss model' using a specific framework, and compares the situation in Switzerland with that in England and Germany. It concludes that in Switzerland, claim rights exist for those requesting suicide assistance and for those considering providing such assistance. The text also emphasizes the importance of clarifying these issues to understand the Swiss situation, evaluate its features, and comprehend how it can impact requests for suicide assistance in other countries due to 'suicide tourism'.
Step 2: Identify the relevant statement: “In Switzerland, claim rights exist for those requesting suicide assistance, and for those who are considering providing such assistance, even though no entitlements exist toward suicide assistance.""
Step 3: Give reasoning to rationalize your decision: The statement underscores that while individuals have the right to request and consider suicide assistance, the actual provision of such assistance is not guaranteed and is subject to specific conditions and legal frameworks in Switzerland.
Step 4: Conclusion: The abstract refutes the claim in the scientific news. The rationale in this sentence is: “In Switzerland, claim rights exist for those requesting suicide assistance, and for those who are considering providing such assistance, even though no entitlements exist toward suicide assistance.""

Claim: Evidence shows that U.S. schoolchildren are self-identifying as animals and disrupting classrooms
Abstract: The term furry describes a diverse community of fans, artists, writers, gamers, and role players. Most furries create for themselves an anthropomorphized animal character (fursona) with whom they identify and can function as an avatar within the community. Some furries wear elaborate costumes (called fursuits) or paraphernalia such as animal ears or tails, or represent themselves as anthropomorphic animals in online communities such as Second Life. Furry fandom is an inclusive term that describes the community of furries that span online, local, and international settings. The furry fandom is global, with hundreds of local groups existing worldwide and dozens of conventions held annually. A small subset of furries (~10%), called therians, believe they are spiritually connected to animals, are less than (or more than) 100% human, are an animal trapped in a human body, or were an animal in a former life. Otherkin, like therians, feel spiritually connected to non-human species, but the species extend to mystical species, e.g., dragons, griffons, and minotaurs. More than 75% of furries are under the age of 25. Approximately 84% of furries identify as male, 13% female, and 2.5% are transgender. Furries are predominantly (83.2%) white. Approximately one-third identify as exclusively heterosexual; furries are about five times more likely to identify as exclusively homosexual than the general population. Nearly 60% of the furry fandom reports part-time or full-time enrollment in post-secondary education.
Question: Does the abstract of the scientific paper support the claim?

Answer: Step 1: Read the whole abstract and extract information relevant to the question. The furry community is diverse, including fans, artists, writers, gamers, and role players. Most furries create anthropomorphized animal characters called fursonas. Some wear elaborate costumes or paraphernalia and engage with online communities like Second Life. The community is global, with local groups and annual conventions. A subset of furries called therians and otherkin feel spiritually connected to animals, and the majority of furries are under 25 years old. The community is predominantly male and white, with a significant portion enrolled in post-secondary education.
Step 2: Identify the relevant statement: A small subset of furries (~10%), called therians, believe they are spiritually connected to animals, are less than (or more than) 100% human, are an animal trapped in a human body, or were an animal in a former life.
Step 3: Give reasoning to rationalize your decision: A subset of individuals within the furry community who identify as therians and feel spiritually connected to animals, but it does not specifically address U.S. schoolchildren or their behavior in classrooms.
Step 4: Conclusion: The abstract refutes the claim in the scientific news. The rationale is this sentence: “A small subset of furries (~10%), called therians, believe they are spiritually connected to animals, are less than (or more than) 100% human, are an animal trapped in a human body, or were an animal in a former life.”

Claim: COVID-19 test swabs touch the brain or bruise the amygdala to make people submissive
Abstract: Based on a study of mummies, skeletons, burial rites, medical instruments, medicaments, literature and objets d'art from Ancient Egypt before the Hellenistic Period, the understanding of the eye, its diseases and their treatment at that time is described. Magic spells, religious rites and medical treatments, especially with eye ointments, were probably used often complementary to one another. We must be very cautious about our conclusions in regard to the effectiveness of the treatments. Eye diseases have been depicted only exceptionally in Egyptian art, except for blindness and 'symbolic blindness'.
Question: Does the abstract of the scientific paper support the claim?

Answer: Step 1: Read the whole abstract and extract information relevant to the question. The abstract discusses the understanding of the eye, its diseases, and its treatment in Ancient Egypt before the Hellenistic Period. It mentions the study of mummies, burial rites, medical instruments, medicaments, literature, and objets d'art as sources of information. Magic spells, religious rites, and medical treatments, including eye ointments, were likely used in combination. The text also emphasizes the need for caution when drawing conclusions about the effectiveness of the treatments. Additionally, it notes that eye diseases were rarely depicted in Egyptian art, except for blindness and symbolic blindness.
Step 2: Identify the relevant statement: “Magic spells, religious rites and medical treatments, especially with eye ointments, were probably used often complementary to one another.""
Step 3: Give reasoning to rationalize your decision: This holistic approach involving magic, religious rites, and medical treatments contrasts with any claim that ancient Egyptian eye treatments were solely based on empirical medical practices or modern scientific principles. 
Step 4: Conclusion: The abstract refutes the claim in the scientific news. The rationale in this sentence is: “Magic spells, religious rites, and medical treatments, especially with eye ointments, were probably used often complementary to one another.""

Read the claim and abstract and answer the question by mimicking the process previously outlined.

Claim: Daydreamers exhibit higher levels of intelligence and creativity.
Abstract: Converging evidence from neuroscience suggests that our attention to the outside world waxes and wanes over time. We examined whether these periods of mind wandering are associated with reduced cortical analysis of the external environment. Participants performed a sustained attention to response task in which they responded to frequent nontargets (digits 0-9) and withheld responses for infrequent targets (the letter X). Mind wandering was defined both behaviorally, indicated by a failure to withhold a response to a target, and subjectively, via self-report at a thought probe. The P300 event-related potential component for nontargets was reduced prior to both the behavioral and subjective reports of mind wandering, relative to periods of being on-task. Regression analysis of P300 amplitude revealed significant common variance between behavioral and subjective markers of mind wandering, suggesting that both markers reflect a common underlying mental state. Finally, control analysis revealed that the effect of mind wandering on the P300 could not be ascribed to changes in motor activity nor was it associated with general arousal. Our data suggest that when trying to engage attention in a sustained manner, the mind will naturally ebb and flow in the depth of cognitive analysis it applies to events in the external environment.
Question: Does the abstract of the scientific paper support the claim?

","Answer: Step 1: Read the whole abstract and extract information relevant to the question. The abstract discusses the concept of mind wandering, suggesting that our attention to the outside world fluctuates over time. It examines whether these periods of mind wandering are associated with reduced cortical analysis of the external environment. The study uses a sustained attention to response task and defines mind wandering both behaviorally and subjectively. The P300 event-related potential component for nontargets was found to be reduced prior to both the behavioral and subjective reports of mind wandering, relative to periods of being on-task. The study concludes that the mind naturally ebbs and flows in the depth of cognitive analysis it applies to events in the external environment when trying to engage attention in a sustained manner.
Step 2: Identify the relevant statement: “Our data suggest that when trying to engage attention in a sustained manner, the mind will naturally ebb and flow in the depth of cognitive analysis it applies to events in the external environment.""
Step 3: Give reasoning to rationalize your decision: The statement suggests that mind wandering is a natural phenomenon that occurs when trying to sustain attention, and it involves fluctuations in the depth of cognitive analysis applied to external events. However, it does not provide any direct evidence or correlation between mind wandering and higher levels of intelligence or creativity.
Step 4: Conclusion: The abstract refutes the claim in the scientific news. The rationale in this sentence is: “Our data suggest that when trying to engage attention in a sustained manner, the mind will naturally ebb and flow in the depth of cognitive analysis it applies to events in the external environment."""
